703.811786872 82.2351105127 246.181544425 -49.8007668569 
890.916809923 -34.833134848 2.60275047416 238.193707049 
-331.213616971 9.30111698495 -196.749675134 60.1082936155 
142.195845777 138.304290103 182.024529066 -170.121580407 
-1445.57196394 -45.0444082511 -132.271056818 -239.667494246 
12.4804977948 24.609299279 -143.945303802 98.7744526605 
804.953168601 24.2878340853 168.580206971 62.6592198792 
-1261.5251796 -256.18337237 -197.191196382 -39.3962114287 
-1598.7491236 -291.989712712 -137.243562406 -150.759752739 
-1027.00645028 183.510132701 -280.039048665 -138.477392421 
-863.392387187 -154.63740875 -20.0067445904 -123.524333979 
-738.637023837 -96.2347122245 -97.3929498978 -63.4971874237 
690.590591993 199.327907833 25.6457153775 53.7494075486 
447.443620212 67.8229262584 -183.788854157 215.791082542 
1376.33516504 279.502758601 294.213103018 -16.3274153052 
-93.8496078414 -73.4644288748 -105.431519353 92.3434519921 
1276.24677231 171.199217706 270.206462168 30.8072375975 
-34.0079612377 -183.536121825 270.186582063 -119.373865944 
93.9965128242 143.889056237 -285.639308608 165.784081544 
-572.778341526 268.192312246 -101.853388856 -200.900699862 
-33.3851614581 -10.0722839226 -236.01022647 173.697521449 
790.363675176 290.989876633 149.41367989 -59.96427944 
-17.4492225653 266.776416233 135.627774293 -239.471344477 
-310.955954554 -154.869688553 -72.4809499638 54.0565681107 
599.164611574 221.156281472 -0.195481806559 39.3596235123 
-1036.22752852 70.6592673751 -270.099008117 -91.8122597293 
668.920743374 186.407809264 58.8000471709 29.9262458333 
-1130.84108251 9.44207654723 -162.062112885 -165.884724238 
-952.907091664 93.1613662638 -90.124262308 -217.214259317 
456.126938347 -105.14603102 12.5649656234 157.181025879 
-1086.42088549 12.0029265284 -20.8155044899 -261.99505627 
29.6623397012 11.0611826848 236.459848497 -175.45989279 
-1403.39566041 -163.168682334 -69.966894907 -216.789402756 
-124.455809164 218.935867857 -161.702651077 -19.3048979121 
-423.008098609 134.592914927 39.4824984733 -202.660355971 
-211.378528183 184.851866248 32.3166073072 -169.50802065 
-145.247573927 27.7366070294 -234.108872627 125.401457474 
-1083.42247961 -35.5236113717 -281.87961559 -41.6841025247 
1654.29326514 242.281077427 268.390370975 91.13999934 
314.094540729 32.1699112398 175.528416894 -69.2076331084 
36.3072617097 -205.61368859 84.7081680051 48.3525337186 
-915.610322355 -163.425974653 -262.571136234 49.7387589135 
-775.886193336 193.20831113 -214.390317522 -129.782965757 
-216.559989416 -42.2233895789 -200.798431738 117.570521239 
-50.888170333 260.360946017 -251.692764541 45.8670578138 
890.854099255 108.652517481 171.820333063 39.5220162758 
-727.914737239 -163.461764775 95.0988057268 -171.571906217 
-520.888624485 134.53904438 -262.327896435 -0.745755984663 
1703.92703867 -45.6240820092 293.554954051 228.627585134 
-359.951895239 227.328969409 -139.251029167 -99.2141866385 
616.817892372 -227.741539417 113.624503496 182.85686518 
-688.54609812 -38.3541474081 -34.526530703 -127.064552799 
-1877.68424982 -299.177412657 -284.048208306 -106.796199898 
640.82589581 278.721417422 -216.812152938 183.454879945 
-962.728144033 256.603337366 -136.590537298 -266.540801718 
945.673749484 -0.611885946362 168.563343941 110.301872389 
-376.001313686 -198.435164761 219.855565459 -159.674420135 
152.393045642 71.3472653373 -2.11208788317 4.00869465418 
1020.79070841 283.536977255 -209.223050299 270.3464762 
-727.321117554 -123.783100174 42.8275088738 -152.059360957 
1954.07194184 155.83803845 206.067830763 256.048093163 
1608.77381229 -63.3766954478 188.077838931 292.823421598 
434.090230126 -298.609818884 -5.66079751059 262.073065106 
409.663617897 110.138917959 224.162077043 -120.775112288 
1329.77697793 118.286162659 -1.37303815257 274.330941769 
-1357.89630163 -256.445109557 -184.443396203 -72.9189734775 
182.553293151 104.216023991 -177.953838357 126.99569006 
1819.01757744 175.015036073 290.685183303 149.232988846 
-242.52111167 -66.3200910599 -46.4999207069 7.40470814266 
178.407813158 4.17518485487 79.7239358989 -17.278591062 
-307.064545033 147.914616188 -184.017821982 -12.7100778657 
-1372.81353705 80.7407425834 -292.256569789 -164.381328212 
-1028.27933518 -291.530576461 -231.027455979 61.966046419 
-78.7766168057 -93.0366009101 293.120739715 -193.016408533 
704.170537844 -30.9316100775 92.3553840267 122.24190148 
-869.183413845 -159.618967277 -243.274955206 44.9698465814 
-164.165264306 73.9799517037 129.546109739 -175.190874232 
-392.204093557 -236.38937743 62.7187043026 -26.8953629011 
-1878.53933241 -160.296650982 -162.488361401 -267.62023656 
1669.50109034 270.530109817 290.812413683 64.0009074152 
-447.878342117 291.86462742 -24.1572162513 -239.783987051 
-569.411093403 -53.5344313481 11.6244427319 -124.303889726 
-1004.42754641 -78.4003229861 -79.5924575846 -152.212381922 
-955.126036641 -10.1897654024 -234.954489921 -57.4707590187 
977.469333625 -10.8620575144 -17.1253718804 262.642391074 
532.126581019 -89.7743570814 136.856999011 75.2760745373 
65.8425591961 -117.905447469 -259.776223567 270.245531209 
-789.982289904 133.827923401 -298.523298069 -40.5170606244 
-478.933240364 -67.1076851538 -146.126655289 23.4155239524 
1141.67102742 -83.5818022296 143.692873383 219.439002932 
-1604.27211261 -268.249238693 -167.34626438 -141.43371052 
1211.87788346 47.3092739174 76.9113490805 221.631322095 
630.207193389 -62.8527400833 60.1460755104 143.868611756 
637.89022328 -19.006357858 2.71841720077 166.936921848 
-1783.766901 -130.413468044 -247.216440635 -195.322660753 
549.67206967 201.19416869 -73.4918862894 91.9398477895 
-503.710556609 -93.6873354941 109.663193403 -161.331366457 
-2345.95831949 -173.235643798 -273.10300553 -295.044503826 
606.887592455 130.463773757 -13.5595826772 96.6596982431 
1159.53117832 -219.390078164 221.894143229 233.157226239 
-613.555438098 -207.837636372 166.164665864 -174.093540737 
-1745.70881591 -28.7328379666 -172.125118193 -292.966946349 
-1933.6009953 -197.368934791 -212.22830642 -225.544551614 
-2610.29373625 -296.177000454 -275.909411413 -297.552875275 
1316.60861406 -182.611181685 244.372724411 237.17820105 
1011.60197249 -295.437578518 214.084085622 240.056218165 
-390.431284123 -245.631005883 99.1321223133 -49.1414098243 
908.199367596 99.8766445176 22.5959167637 160.164582067 
1280.71317037 251.805121054 299.641092549 -30.4550873451 
-197.792629891 -7.11171820671 -48.3597006017 -9.62252291814 
-1597.57060869 -295.473547788 -110.473261013 -168.800932518 
9.17267201952 9.74561047031 -234.489069758 173.287165088 
-1433.03933052 -238.426751313 -52.2167659377 -199.88388252 
-459.216662709 -5.43967792397 -36.5495785334 -84.6721428152 
931.748791558 -142.231756281 76.849404799 246.416022431 
889.815034276 -202.768152413 191.072727713 180.533288991 
475.813233748 -68.1408192413 49.8701705204 115.621090167 
250.327790729 276.780909504 205.357053155 -229.826296936 
-869.006693965 33.8734159097 -289.90421289 -16.7602217787 
1555.01886221 94.3304225067 198.119078633 193.000195325 
-864.980132976 -53.2136298724 102.104855794 -266.216860153 
20.8108814301 -229.285526627 -233.039045328 294.624767667 
-799.899739542 -96.1925568197 1.66264228929 -153.125638193 
377.420270833 10.3200560679 -164.481170282 212.555917386 
199.468554618 -134.421894575 244.563488178 -66.3445301916 
-1253.75557115 -84.1751222124 -86.9924502366 -206.106994003 
498.091393242 -148.48832336 222.40155205 31.9658459531 
656.827021308 -148.34239042 145.444839604 129.294320834 
-1102.03205237 -152.338177209 -10.8197392065 -191.224120084 
219.081908564 276.758714714 -2.8351733727 -81.4825001864 
-1715.99450338 93.5436147618 -245.211700088 -291.86165816 
-230.235345461 -69.65422623 236.283225541 -199.944142406 
1367.23129169 258.680657675 191.527311335 68.8220105831 
462.270120956 133.365541832 238.156828541 -129.732862083 
471.080033483 54.6541549076 -212.31795623 249.681398089 
887.846615199 -152.77976381 280.142752973 88.2444709749 
-310.798222678 178.329708737 -70.7271535166 -113.819044901 
1147.06259598 53.7965296062 150.335983949 147.11539623 
-1142.68194797 157.530013568 -123.892670942 -271.515990571 
269.110303209 168.547222404 -258.557916428 176.922401921 
-774.17701383 -154.309356066 -170.39405873 11.4059686227 
544.46732854 -281.387872633 205.750278101 122.498059875 
-300.287305858 172.640997777 155.481804463 -278.003678701 
1165.58946122 95.2227422402 166.648955643 118.799277453 
-649.937509443 134.947477459 -221.721560689 -63.6669455738 
-440.874318157 -258.230472243 68.2230052454 -32.2705973516 
-1631.89153709 -169.807193104 -32.2163720649 -298.90700867 
-1312.26131065 34.0891922871 -233.797648621 -169.76168734 
-1267.88913107 -299.434196359 28.4299703221 -188.57766233 
806.771659802 289.212223107 -267.31124816 257.570239517 
-470.132372653 -19.7362025911 -217.765128952 55.6588548464 
587.644802926 -33.3271850756 25.1146674559 144.738792677 
1643.52587816 -65.1397917394 240.607610034 262.995657884 
-1936.96957048 -186.598117058 -290.627066169 -172.973034463 
941.74366593 228.413314692 144.266865803 13.029109784 
-651.511425884 -32.4198183255 199.770161462 -296.495568405 
1570.51979398 177.74651798 40.795499755 273.16006469 
874.692996426 67.2691349226 78.3800452857 126.253647681 
-493.021626889 249.720132034 0.57390431301 -248.545900974 
729.050122882 -48.6046663258 255.96468156 14.5913527134 
-75.5582964359 -219.197907934 -177.631547079 223.933040168 
493.587640197 -203.488346835 92.3052367632 155.912155894 
594.807727747 114.097589896 246.809710711 -93.4541460438 
-295.664148656 -120.260964085 63.5391501809 -61.439917757 
-1316.93595174 57.3950547955 -270.398256094 -155.132823261 
281.676135435 -245.350423065 18.2353431489 179.41773803 
-935.989248529 -57.2269250903 28.3351776174 -226.6352328 
295.178570862 -14.6724074709 -205.379745553 235.165655616 
-1277.33628228 -184.713009936 66.4590902302 -276.821883273 
-2019.01874447 -285.907619437 -161.24517438 -240.866995615 
1122.08592669 -238.355748414 192.516601655 255.311904638 
398.018763189 264.759192601 -283.627847425 179.845980066 
-671.880554475 18.0326200305 73.9059382054 -232.415902288 
-291.997231715 -250.061203176 186.247271353 -87.6541598555 
897.492887356 59.4036534293 168.066220613 68.6217296647 
1019.79546098 211.646463051 266.441858993 -50.7057605252 
791.263795075 4.16796085318 111.983001535 111.744717191 
-468.912361199 110.517055429 -248.670680876 14.0163926429 
1210.81505304 -42.8644738608 50.6615599806 286.139830204 
-1452.62817254 248.558278268 -294.017571771 -266.923003441 
-1473.79222918 -262.066574659 -211.844664247 -78.5312717809 
-682.557215373 56.790690917 -185.848921998 -59.6479578034 
-2235.84766673 -228.578625441 -206.615145493 -289.711244842 
1255.82140394 33.4293047407 81.6364350071 236.013372358 
198.825486573 -47.7174151572 155.357224284 -42.9528389912 
-197.145401439 51.530183661 76.4384476123 -132.3802779 
-2096.10106302 -137.344127539 -270.456557558 -252.510783816 
-744.734995872 -87.8752132068 -242.245327218 39.4378530488 
1158.30437246 260.046164186 144.257856183 51.3596188855 
131.332972786 71.6615444691 60.195717761 -48.1443173589 
-418.016579727 -3.66990941119 -253.636521028 87.5582005447 
2264.13827044 295.052232455 178.517366041 284.620426853 
-586.499214303 -173.426801304 -249.669847053 127.340982366 
-968.449107832 14.5822070973 -222.78283079 -82.3162574141 
242.610966586 -99.8177358567 -186.105122254 250.140451266 
-177.558947048 -112.063681193 -294.156730621 232.2596518 
-207.540132086 -236.463923208 -8.67874695533 72.8559887987 
-782.587458332 178.362306295 -171.946982353 -155.867780966 
493.813313215 266.702219302 -166.14213389 114.70881907 
68.9636944796 -240.408896798 -150.219351181 250.109885405 
-1073.60944218 -133.628330471 -84.8454506847 -137.954107295 
1107.91344924 223.385209372 -156.968631926 283.012231568 
-382.111649013 0.34993291941 -150.277032583 17.0048957245 
-371.53153178 -93.9090168843 261.065471016 -241.727477765 
351.684452718 289.152376181 63.5924322062 -104.349399066 
317.424538974 272.873264325 100.724666443 -132.623997252 
2142.078674 278.511357372 165.341826757 272.257619746 
1321.47202186 -162.855309862 192.212556588 267.636242956 
963.273334013 -170.77182832 173.81172263 195.84545569 
841.211009151 -57.260165777 281.689753321 27.6655201852 
328.307985854 -101.991415596 148.011486369 22.0640894845 
1620.20529487 164.956332836 234.596132417 146.626057987 
-1557.08253612 33.7219009425 -224.804515661 -237.528197757 
154.587393825 -121.09830944 -257.988819998 292.687618174 
-837.820034109 -73.9078415862 -83.6525357895 -109.761685892 
-269.646238914 -299.505120591 149.753824682 -29.9743679443 
343.503953389 -61.1602719934 289.025446089 -100.312960223 
-316.307903294 -94.3122355346 195.528145515 -178.566967193 
-80.2293652046 252.403648767 160.705789444 -266.788507768 
-1430.7796386 67.2070394682 -161.80424334 -269.945246878 
-1016.14825954 -102.510865618 -263.37233635 -5.2523798136 
108.219119935 178.786878916 -106.753645905 17.7265749544 
-408.232709891 -40.8725731251 123.125962942 -173.966363117 
-1001.19881932 -112.391399147 -188.217265621 -52.9410560399 
218.994234131 -289.992584858 -65.1678304864 248.620723826 
-524.247046289 -154.60927151 -214.215851892 106.904763102 
865.314110805 48.0045992345 12.5404317896 182.920904242 
2251.63850613 234.133211882 285.797928132 231.494574493 
159.340649166 134.633195184 -224.262058943 140.715108907 
-711.368469932 -66.6600343745 -263.114543238 52.8238071326 
1972.35159797 144.635628282 286.124227185 206.176914964 
-162.008203883 -117.82813363 251.098720919 -169.912024845 
-779.226884198 -291.568101745 -235.290594705 127.445275851 
-355.947452487 -146.587634044 -8.10448464641 -9.61468261485 
-514.801116839 24.0787690393 -266.571179291 59.1887207385 
-333.011217126 8.39283144253 -193.377635194 57.5840063926 
231.429468467 -85.186357324 -237.432438389 278.52487457 
-634.158256199 9.72442748781 -239.065186439 15.8971120356 
-1139.10327347 -189.355110909 32.8624305015 -214.74508579 
-335.28831435 96.5223945722 -220.442626049 33.2486936631 
-772.108124918 -122.266593429 38.1487829675 -160.505321741 
81.0389632264 198.339418324 53.9102078493 -119.342624242 
-278.219803362 39.5741383584 -285.63832153 124.886721128 
89.9109081478 -25.1294844222 -12.898530581 44.7163671838 
594.046794416 -156.841893026 128.146702537 130.822618214 
-46.8233420764 -292.822924435 -31.4843479731 158.318887678 
-1902.02139507 -286.295717933 -153.279402854 -217.39793766 
483.310689907 -235.216306048 -4.91936194098 242.125346957 
-366.271337875 -60.33518076 -190.762187603 81.6713966134 
-874.786284493 -141.430510745 -250.991822589 40.2625511908 
-10.5470140989 85.0839996096 -116.249429203 42.0083185724 
570.622667874 -99.3624029074 -136.95434729 295.05262889 
-56.2577438436 256.679834831 -241.563927563 38.7685922954 
101.9363623 -69.6806884592 -52.0729073565 99.3791153218 
1865.26838976 80.8964198011 228.40925871 254.561943508 
-1631.40862361 -101.249621169 -82.4726456471 -295.372861082 
485.284820493 22.5023225338 72.1891814295 55.9281577842 
-1287.35021948 -180.010419126 -106.262012142 -152.135836201 
-505.860310603 -138.257129703 54.2910781486 -98.0548214106 
-1568.38250882 -232.954259557 -181.152293421 -139.75427736 
1217.55453966 208.501934261 64.0051890593 152.133775991 
-686.196048055 292.552496816 -238.604222601 -138.872093471 
-230.417237929 -256.019340072 -74.6204649136 126.370709239 
820.074071404 37.2515104265 251.578841726 -2.29136865686 
786.943324124 -19.6546739447 109.69733965 124.290163265 
-892.66701432 63.5098521534 -220.169387168 -89.7946392807 
1396.61621679 214.838180758 -26.3157099166 261.471746256 
853.936179679 151.70204181 179.593616518 2.93781162625 
-999.513379619 -139.831840302 -294.008475431 40.5439318195 
-1863.29130351 -174.094750848 -247.445417894 -193.191387033 
1000.00580788 -185.612452162 129.167744019 245.931870038 
-2149.94636751 -153.417510825 -289.466468697 -243.677984943 
-521.949913627 58.5318093946 -206.33487367 -5.00222785187 
1289.71356745 111.450490294 220.728737834 101.156593339 
-360.077635278 -127.954223406 -253.683751674 164.220516639 
-497.634908404 -202.230860795 -152.310904932 90.9398819956 
-1134.32095976 -165.575491929 -115.772568646 -113.963067492 
841.278672357 -223.980111494 298.102954549 98.7325079243 
-1053.0899711 112.159009976 -170.359903218 -191.582070348 
528.754421602 62.2135982507 -160.480500372 221.442181555 
-972.806942354 259.691771925 -195.048070053 -226.761569011 
1181.66318664 -102.886624007 130.517633305 248.970883684 
-686.723768501 -254.656773371 -60.7161133216 1.18452955125 
-1359.41251594 -121.044510368 25.5200031728 -298.47087618 
-1318.75438757 -224.292817245 -292.692043064 1.97684402862 
1080.55885433 -220.795356313 232.667699962 206.036616768 
-1254.45346899 -155.62319909 -29.9158672321 -213.364867277 
-128.919059341 -182.162027108 -67.0927755587 109.170830388 
-1599.70045507 113.424039749 -255.471033901 -265.033858218 
-458.283033891 90.339251153 -59.5341481974 -115.089772901 
-796.220238409 -114.111835768 -93.8227057745 -71.6321123873 
22.8042493562 -233.144935529 67.3224526279 71.7816906324 
180.789429073 23.8659383405 153.064399763 -81.5339117243 
130.129966533 -19.0516166705 -220.369761733 207.335621268 
-1133.77159196 -49.4977782132 -138.258112293 -155.000424662 
1148.67059223 205.732825885 -50.0469005214 221.836410505 
-1355.34891482 5.16440858595 -270.387399396 -138.628883451 
839.825199532 89.0740483192 -34.3737059206 191.199555164 
77.3030982392 56.6802323803 -148.154817507 102.1017715 
-288.766534048 -281.373495001 -229.97828349 240.978826606 
-1183.47921322 -164.215655318 -138.961761186 -109.540654757 
1091.6680524 -185.776327882 299.335321824 141.303685672 
1656.60223878 166.398961245 156.509247442 213.569143491 
1552.03567002 232.607852946 267.086682184 71.3899793937 
-359.483499667 211.417163653 -226.762889034 -25.507289968 
627.691377884 -237.377621016 151.481747412 162.00034442 
-1919.87812298 -248.234819141 -295.5129403 -134.217415949 
1267.23752383 210.182467554 112.956350285 127.000884468 
-110.493584435 51.6168567346 -221.208627329 112.474646021 
-915.92097777 -40.204474515 46.2583936431 -243.571802417 
431.011097673 292.966073899 -287.728056158 177.065779588 
712.799800009 -23.0300447449 261.24735784 -6.22054600488 
635.002393877 -62.2412445314 279.216332399 -19.5410285643 
18.8200753822 116.649566324 -220.617670411 111.843488492 
520.864692792 238.321225322 -214.889911946 172.222994497 
-365.302316488 199.966783412 -77.6104783291 -133.101112081 
-694.992014194 -155.179211344 -116.355808646 -8.89154139148 
1122.48899854 105.018864998 -77.8473115547 286.498300803 
94.6007038238 -185.149929622 7.86875021266 110.323578107 
-385.171698664 12.4460466814 -205.884757232 51.8976199172 
-1031.39099095 88.7502950025 -238.596290708 -123.275677207 
-1280.5228968 198.107275638 -207.023775239 -263.916530591 
-499.508724286 -3.21526526771 -171.933414954 5.68051277745 
-1549.88088622 -189.537380859 -178.675214788 -158.695120034 
-2095.1709875 -282.399070421 -124.848482665 -288.956849666 
-823.202940135 -211.404759956 -70.8167521197 -46.9857909661 
-206.641910406 -275.35819824 197.101164532 -61.8072518801 
-180.87863834 203.484623537 103.561143268 -224.632828804 
-376.993037303 -176.871755901 -256.570159417 186.615238187 
-1303.43614552 -140.736230563 -227.986006119 -84.5014165098 
-293.565200883 -51.498757165 -96.1543222785 24.4738200706 
1143.10348293 281.542515956 -155.762308441 261.826344085 
-1055.96228289 105.760299267 -175.06327436 -185.573264586 
1142.09439131 215.791885751 -56.104705552 219.706184115 
-357.305504812 146.365992803 -230.861976832 10.6371100199 
220.552488021 225.377052567 -86.4454479206 7.2836816623 
-248.025464975 153.276142699 -13.9534358103 -128.179360735 
839.225314374 -130.881123953 201.445031675 124.163116814 
58.1752293633 53.1467847277 39.0555448393 -41.3212436525 
827.699161416 72.4068862197 22.4897560477 153.854030208 
-628.960725071 -213.351894316 151.184100759 -163.952309679 
257.599881144 -65.3918044379 -38.0915376682 125.664525756 
157.715069002 -282.165468142 212.61335129 21.0514878537 
-1455.16461369 193.381582333 -217.765112594 -297.158110145 
-346.467914391 2.82663224901 116.639156014 -175.509661733 
-252.642388092 -9.39200972404 86.6114405687 -123.423172587 
841.205719666 -289.575790578 193.632088047 209.86525917 
93.996821246 -244.125463493 122.324033015 53.8189122971 
-1260.88788317 -268.135091255 -72.9271750868 -126.459043849 
-509.424525344 283.363979598 -3.36442844626 -266.5147998 
-104.128630252 37.4490420838 84.9036837494 -108.434441417 
224.626975671 -118.863023424 -233.467130746 290.688603689 
59.6390148603 -270.313479934 -156.55637215 267.483772795 
465.4607644 123.448999551 200.751903235 -95.9232361018 
-204.670619834 -240.291840795 -87.8891901713 134.895158067 
-1710.75618472 -178.549428659 -180.223292554 -203.246862435 
-294.314751519 -231.648494006 -167.275452696 167.702148645 
1275.88931513 57.1549742038 177.268548508 157.443430299 
-163.969966505 -90.2853018415 -201.365577524 155.174342438 
852.629421964 84.0566592436 64.1714608278 123.000430248 
89.4970826883 -60.3252956367 -282.616082928 264.498980687 
-759.680069063 65.231312203 -64.556686688 -174.118158351 
21.1025336754 -49.360334393 -2.78443808667 32.0441291804 
-342.127233239 55.0577640535 76.4985988023 -170.434639438 
287.124233618 -7.48000701746 207.418409619 -80.0427453008 
-1569.98892373 30.9811403336 -258.863747547 -213.839990438 
1242.24119087 65.6786757774 243.532172305 95.0718305994 
-126.199237698 75.566484105 -45.6894434968 -35.0659688543 
2149.36592933 170.902481744 211.973290811 292.910273353 
1315.34581536 -181.245470749 209.108248854 262.628002573 
-525.90185029 -176.663936321 60.6215414004 -88.6096504625 
1080.0849956 -96.2322377239 287.683620526 102.374652367 
-554.818453057 167.254125132 13.0367643779 -232.109249114 
526.782248655 -200.321918877 -72.430356596 286.179289049 
-1741.45749746 119.602728315 -287.864221181 -279.267572638 
289.615374106 -16.4291828997 -138.155610367 184.235142751 
367.163985303 -111.628134507 263.199836893 -49.7948140903 
-600.701334187 187.786923221 -211.912677194 -85.1342872617 
1710.98151414 47.2095837632 164.61645561 280.678244946 
153.655423506 87.8671076041 162.959336944 -127.739200634 
239.232514051 -44.6399319843 173.20170135 -47.7731815073 
1262.99745579 101.25309928 -18.3698812096 278.900225215 
264.88204731 -78.9222845069 -26.1413391298 125.287658428 
1824.85569537 51.9350379253 296.322273049 208.004700093 
718.521740713 285.642964972 182.847897091 -100.326970126 
70.7297634544 178.499137184 -199.254610583 77.8738302094 
0.965583637445 113.911092753 292.602704037 -276.166178495 
-810.072226636 -65.2838209258 128.405653259 -266.180386141 
-353.712637431 -262.744108283 267.551095741 -157.719427022 
1104.44455719 260.312412183 -36.9703549615 173.682699427 
402.678127313 202.456861509 138.832243901 -104.683081852 
186.334563303 250.990268351 42.27921654 -110.620905755 
588.923646137 256.523249325 -150.260017457 131.664299965 
772.30383523 6.22163327268 -143.139751758 297.31995599 
-1778.28826121 3.76362813281 -238.85938813 -267.309338272 
-200.891143407 142.147187327 -17.6970479843 -108.023593527 
1182.25870912 -149.551357172 284.771229644 156.761933632 
1529.24324647 87.0914317982 210.342100008 181.008520712 
-762.934611245 102.502367347 -181.430544316 -105.911928248 
-580.165639822 122.881147328 102.199708136 -283.131764721 
-394.669784894 -152.472001189 16.4439699413 -34.7644230852 
403.300393084 -86.5795872845 178.945738034 9.90558838749 
-399.227925281 107.221454917 156.336006288 -270.669713495 
-783.203903679 -170.232796827 -24.9119399227 -92.0006225642 
335.523554391 168.702782612 245.466518734 -184.570391759 
118.336554145 195.312676776 -60.3746789216 -22.7911906608 
-554.513555846 -223.241101997 257.274078282 -219.963396675 
-246.301972356 -128.386332983 250.237259041 -185.060270879 
142.457375005 93.9147533564 81.7332302761 -72.6429556341 
-339.002242263 -178.088939605 66.0467303501 -45.2411385257 
-242.545391493 71.5199468976 -151.25251314 17.0430635327 
1104.07065065 44.1235851634 45.9862389854 219.466190843 
707.981455384 -186.386882479 40.2884934476 239.972435 
-69.7852276649 -76.8083571077 -161.625006788 142.176626728 
268.120394438 -198.757261256 148.004654259 55.4052385431 
-718.907894287 268.458387889 -189.479749627 -171.846355296 
71.8039429117 -98.617937534 -211.574098092 225.940528064 
536.820184311 54.9574540926 171.391467006 -21.817281223 
394.825755474 194.107539939 73.8262286828 -53.7170026129 
-1023.4652622 -134.464205778 145.770969295 -297.962439634 
632.273357477 -63.6684363078 153.201141342 75.0017015163 
739.734037576 -47.9293785975 175.260132395 77.4530993966 
-353.637703905 263.928100483 64.179868355 -268.508377484 
1931.78188288 2.42726491085 244.201565426 298.580664196 
915.159682057 -95.0461059932 120.97932604 185.578478981 
1564.2737976 184.15156585 72.0378134179 244.964306412 
1009.86893422 257.820971778 -181.762632021 259.878721681 
-649.589531731 -226.246560527 131.639682162 -148.00386429 
-1322.67957058 -136.107938421 -94.9703129501 -191.388188722 
7.50788733562 -197.587809866 115.976480231 13.6885165937 
2048.58328728 21.2855768479 286.106579667 286.923098645 
-322.561957345 -234.968172134 127.765463892 -58.9805011885 
-686.036213181 -53.6228689494 157.576156309 -262.879736052 
1437.80445648 208.232688737 -57.4580977983 298.4283431 
-70.9901446679 133.497705187 18.878372956 -98.6551684776 
1162.16134332 295.773431316 194.331521782 -3.09502116389 
-895.840718556 -173.785640497 -17.6800894692 -123.807292288 
-1075.5291534 -145.108223655 -1.32286168224 -195.33603026 
957.41295417 238.300109499 226.936678599 -49.9993251563 
204.317815218 96.7105231267 -80.5259004441 63.1186175743 
1739.57988156 248.64925705 147.112322571 200.236099938 
410.106475186 154.036370526 -134.586669911 126.448435966 
457.504257831 171.541852364 -84.3984406243 91.9039687442 
1145.64349874 129.217759069 131.019840865 123.537114501 
481.586795156 -150.653642839 -73.3068546768 250.703661216 
296.29869247 231.852988983 88.2178866713 -108.015236377 
742.906523886 -56.8054504664 -47.9691081041 250.106187283 
-181.068074186 -170.295618933 -254.941627117 231.087011258 
1843.49371452 205.989389518 206.912882292 202.694072152 
-1029.17055437 107.853764681 -258.936417803 -117.017207581 
