1174.74657378 229.293250496 251.427743262 -9.44294522823 
82.1646017283 253.83580975 9.81093249581 -113.597013324 
-677.001682104 146.469785 -28.3275447568 -221.411482549 
415.110259297 -89.8069811188 235.767213756 -27.9734388792 
1187.72890818 -38.8988417406 163.64958695 193.481936038 
1313.23472398 40.4459562779 276.231365402 100.874006558 
-37.4577529317 -216.93448058 5.71648980976 94.9684444035 
717.912481813 182.041318717 245.181065891 -95.5605281874 
-212.212735533 -19.8566439114 147.335848389 -153.535582771 
1334.78766579 -65.2272166823 261.356926049 170.174810998 
110.53735369 282.501423781 144.132846403 -221.486244827 
99.5921760009 -174.773825337 120.149071975 22.2544079938 
-1183.827664 -243.88893194 138.526766608 -278.116255014 
-1335.65697294 -145.58884054 -231.389014912 -87.4412913432 
-1371.83724386 123.947019672 -299.784306527 -180.170383497 
-7.02015246751 295.156436794 -275.540832873 57.2436227679 
-1235.41996331 -5.23419372153 -280.181579678 -95.989240402 
-576.59851106 259.768845766 -85.4471219138 -209.776927092 
45.7155523912 -250.437260583 -209.351217562 293.585534161 
1465.70807124 151.134909566 288.839821316 74.1958664713 
-2339.35024368 -295.19928502 -188.976542003 -295.732816351 
700.904136074 -269.615808316 88.4914105436 243.463339945 
1039.93365943 19.8798910427 194.976772597 103.990008637 
-441.125531163 -220.278948398 260.451595355 -195.291821636 
-312.781620933 -108.767180497 -39.6489091247 6.04372959145 
379.448405435 22.8538245395 292.624406396 -136.140390084 
1349.39806982 142.693252083 -11.4283195974 274.534803852 
-1410.25477008 -146.280586592 -132.593368956 -180.13570741 
-348.371406367 240.219146374 75.2622796409 -263.604340744 
-1623.01989697 98.2200510222 -281.263376416 -244.147227506 
-160.906678812 -29.3612819134 -146.592095002 84.4386961603 
1167.56763486 220.077910847 -114.925323454 268.176741284 
1208.22686282 192.435674405 190.031803041 63.331731311 
-24.5207897345 127.055810104 -237.820218358 108.870136011 
-1446.81606178 -121.630896627 -61.2411460126 -254.871040622 
-1315.16423 -233.856317477 -32.503161327 -187.353287891 
-541.080110358 20.8989349354 170.588955455 -273.740726892 
147.084970977 -84.8911057028 -43.7883659633 111.964474496 
-39.1344169688 18.5250713889 -80.7041841153 41.6220370605 
598.147704079 -271.363157786 125.122141384 191.55319961 
1401.02869115 130.191246851 52.4898017845 245.955943542 
-473.689370856 -45.0096507524 -223.723365277 71.7550341136 
-1549.37052261 -273.758191953 -90.4167452122 -182.54832022 
81.2468316153 -144.074371299 -203.680238613 245.159618947 
-20.5946340694 24.0571585238 231.924757835 -191.109067146 
516.0930455 -71.3571092102 97.6229589231 91.4395001775 
1757.95883202 114.906936593 121.518154652 290.781771175 
-145.638312663 -28.3616255938 69.7600724522 -74.4178088969 
-660.822955321 26.3540224726 89.5866702391 -245.337444141 
96.8947597317 269.789047273 97.9273750217 -184.155877183 
-953.043991016 -217.940259963 -284.262463083 84.0764608353 
301.088855201 120.786950418 132.81462816 -84.5260652286 
234.922304741 2.97401078515 288.090766875 -158.761708196 
-1022.94532197 -132.760456231 -7.48605082083 -183.847627953 
-955.897764987 65.8756834584 -99.4974073737 -197.40971077 
-546.153968563 -50.3149999589 -218.386965675 52.5220678172 
-413.741115304 -293.983495873 -78.9352606333 102.701926056 
1264.92239881 288.6056172 41.6808213173 140.863173515 
2014.91773782 281.823862435 235.275491031 186.119336061 
-619.645475199 -149.979585667 291.739612393 -298.904579216 
-1339.25394866 -286.735185571 -72.0907898497 -137.169479298 
527.005280936 13.0647882875 143.2172895 17.7447846034 
802.642911338 190.314675429 -47.6532658735 141.426812699 
2261.48147546 201.096224598 287.893373606 248.703110621 
-182.02807422 -289.014020442 80.017718028 39.2328203281 
973.243819708 -26.2334065731 150.841385329 143.185076564 
179.39992046 -163.184695668 59.2455541394 81.7972430362 
175.989668421 58.4173676821 152.4195574 -99.3073886483 
528.146664956 -108.517659666 124.296764727 93.2218495772 
-426.681223541 -217.074761563 129.172108827 -95.1397042875 
-1737.5754298 81.2513443694 -257.264287049 -281.837182231 
-1324.18390542 -47.8980687851 -283.644453394 -94.4377130335 
-1161.50402934 -182.419844245 39.4302108115 -228.600105099 
-1494.77868116 -138.466442996 -9.31224968294 -297.662858743 
-579.395845264 282.811288761 -116.239840902 -198.954462393 
-474.422743152 219.434124851 -190.780905774 -85.1594189431 
976.737444248 -121.725536083 205.195740498 151.091327251 
329.642168073 -95.2458616058 -160.817095159 250.544542968 
-585.913322024 15.6465569794 -206.183421177 0.103271834428 
-205.571962312 33.1313980445 282.437035989 -279.692777791 
1941.8310507 278.800215373 256.207308474 154.12757718 
274.111510975 -78.4732221869 238.012791367 -70.5172449201 
1229.6014174 15.6029832409 298.407215271 75.9247600649 
-290.045728084 1.2944306581 -149.823607089 39.2330363563 
-574.832253353 25.9423501056 -59.4808655816 -112.30663933 
680.492743092 219.959701323 269.688541022 -142.366986415 
-1156.88110449 -178.647860688 0.77664519263 -200.30345488 
381.68218498 132.044728976 -213.76038291 189.927683074 
-568.305855145 -228.293015282 -178.779451458 106.265273217 
-851.759724755 -38.359637478 54.1384299883 -234.531435214 
-310.522233864 17.8285400511 -158.821580496 32.6520164016 
709.136615659 147.847013769 -91.9494582998 172.26901136 
905.592726928 286.298610232 -105.958500791 162.488354603 
1645.83096757 167.154321569 128.894668068 231.345819024 
179.415763625 -73.8166429038 25.6267725453 62.4291049805 
328.781336702 -90.7278191435 195.91424046 -19.4906586855 
15.4038406121 296.301217372 -191.33570024 -0.690067112491 
603.627433927 13.0874522632 -12.5120045479 153.562760071 
1258.51519191 54.3374366777 261.327946703 91.476720761 
573.422427547 184.827991403 226.649178702 -119.063045632 
305.429098683 -251.24047946 12.1207329495 192.964798733 
-685.427275227 -224.330013866 132.955675786 -158.676712399 
-69.6500933167 -157.701676028 100.48309763 -14.0169494908 
-53.028948891 224.45470896 -295.153326348 95.785622401 
-1157.57833386 7.28181120025 -206.98797457 -137.716982603 
1209.68938303 145.24342234 112.607847669 145.327277962 
767.876882168 -116.496392407 4.61753417341 246.985217563 
297.56909994 -96.273019443 188.807110807 -18.8327815596 
-860.128403973 3.77549465894 -261.774589642 -20.7992325662 
-783.551920066 -45.6113919527 68.94213127 -224.547420397 
-86.524740171 -51.1566881599 -190.84214787 146.976133196 
-1581.22850111 182.983551256 -264.483571992 -288.201691506 
112.094548926 82.9939707273 74.8786713537 -69.4223394653 
-140.810478352 -38.1885329724 292.778772244 -235.737054364 
896.890885609 23.4169138247 84.3574378603 149.182496052 
1392.4473906 150.739925088 136.900676823 170.15278656 
444.863923518 205.806499409 46.6179554383 -26.5511370606 
-491.275054435 -177.305634526 -262.482064941 162.751876944 
-1303.58398236 -234.990741435 -140.619371256 -102.784496137 
-388.731393541 192.39783787 -224.8331597 -24.9088385046 
621.210817117 -234.454254674 149.992951303 159.996185707 
-266.862187098 245.098551391 -194.583660938 -43.2834506264 
1634.8613462 253.530733897 253.979689862 91.2571785484 
-1390.87607454 -22.01090751 -125.57704759 -242.611936829 
-228.514318041 45.0144024972 -31.2477446057 -56.2487215183 
-438.078563495 -96.9731127449 -24.9713711245 -42.4245952594 
-617.967608885 -36.8428532307 99.7533480159 -210.829356454 
-865.298674201 256.780099551 -136.967749502 -241.915010887 
19.2105057371 -77.5599441305 -265.124917614 242.547310774 
369.558237117 52.7593191307 250.696055815 -121.771019912 
1659.68636797 181.816423671 296.366004306 101.818427438 
906.250332598 87.543260702 164.910286432 59.2229054502 
-306.76076657 -184.882774816 -293.35262136 235.704267276 
-463.213249346 -118.030074022 -195.041160799 89.6104168795 
-1145.66527169 -248.556162203 -258.867706914 32.0399268013 
1453.5160003 -166.956039756 247.898839308 261.174022611 
2074.09134357 270.478620005 152.698640745 268.640401907 
-268.696355791 -113.350452556 261.242532166 -206.571531325 
-1382.81754603 -175.187311809 -121.600063434 -167.13633554 
1374.99502576 -79.3939287054 278.003922258 175.053699478 
1414.47276728 216.281227959 158.212604647 126.963977289 
903.475150316 117.411090421 -74.3487556256 223.146665921 
-672.328245925 -186.742352698 -15.6081251545 -63.1198342892 
196.516660329 8.65828628645 -218.899239241 208.972857485 
-919.631604655 -177.885734687 -294.201093191 79.6347748327 
1697.15847917 260.974631329 257.778389839 100.247535598 
126.151830522 -171.96999881 -25.5449350247 136.589209619 
-1458.36321255 -0.531462530935 -110.857548304 -281.406155016 
963.455753538 275.002391232 -138.939955466 207.663819943 
1092.791849 236.201966226 2.95758638256 153.033870662 
48.0809639725 54.5185325119 -54.931482229 26.0283238186 
2172.49876438 262.314025482 214.723846313 250.95524585 
-373.671172421 153.234955944 83.3664415574 -232.685794838 
336.195239887 214.464615724 89.3506361415 -90.0985390241 
1963.86178414 264.598301871 156.277342723 241.227995485 
-778.042979612 42.3336840513 -138.059705003 -112.196462458 
-256.691331194 -3.90772005309 -24.1439360139 -43.9959459458 
-1791.99884633 17.3541225549 -285.105981951 -242.897417767 
1546.04711593 162.864742704 48.9947598702 268.258527339 
123.031521437 -70.6965159187 215.798598712 -95.8855902263 
1236.29772575 45.7030849664 112.843742982 201.366213341 
-419.815044975 97.3090918296 9.72169220907 -161.08244924 
-993.773476728 -136.803658855 -235.270638253 -3.4381554608 
-2140.78281044 -266.13741778 -211.846959771 -243.366041964 
-1160.81399924 36.4319046725 -89.1972624232 -241.332529567 
-593.875461486 97.2704345556 -124.531370609 -103.919132209 
1167.340649 96.5365255607 124.58656625 150.237774544 
-520.457612323 -61.0360828474 -15.9309982226 -87.4139473239 
353.069342185 -191.424036201 -47.21183341 219.467021884 
1674.62886601 87.0724971468 276.00918853 168.277600637 
302.440951756 88.083098825 206.723610678 -123.640973133 
401.948947533 30.5570103409 230.218702039 -87.6494880815 
-30.1219382023 -31.9687119543 -299.866425144 233.262799738 
858.923861339 -217.537016139 285.39466157 109.509428485 
-321.009819399 247.989798003 -100.704156333 -128.497461689 
919.991384716 -18.410241409 202.757591002 87.0143807223 
320.179062785 296.7538078 -299.748065888 156.552689859 
-144.488440982 163.457093226 -30.4815548074 -94.9247495642 
-414.751788542 74.97107116 182.202994994 -277.75074795 
-1051.75300714 38.3155754977 -50.0160025305 -244.750051876 
-635.853758851 264.853680502 -200.756706392 -141.059361302 
2069.19729259 271.503028255 180.807318594 245.854241427 
-446.085677435 87.4045755664 -103.331649919 -77.7070199662 
-647.056607357 -217.192309811 266.77749568 -253.32022532 
-141.288738313 -165.126447788 -254.388851616 237.993113485 
-721.812025668 288.662163318 -215.710708321 -162.829434919 
-806.987171105 194.044924393 -35.3876446169 -272.451982228 
867.720137236 162.337356707 135.688476077 33.7862201218 
492.094555843 77.7896568233 146.027610051 -25.2361419781 
-50.052563925 -86.3053911986 185.962984196 -108.884041757 
-554.032487311 87.9324354669 103.52426551 -260.057848214 
-1067.23969494 -170.52329216 -135.885149913 -79.8333625468 
-397.407417172 -146.335963052 16.9485906792 -39.1294619746 
1025.20583066 -52.31188997 100.753785612 206.711613919 
-655.023293327 -297.306785296 -42.9255886818 17.1941192381 
549.771725319 -163.69240934 -107.161188484 299.506085869 
-1081.98665641 22.3088740385 -278.314678551 -73.1478292361 
1367.43861091 125.036084647 34.2131115194 253.927873484 
316.563714612 32.7126256359 167.465341038 -62.7825034291 
-643.606950763 67.6848657813 -151.182738593 -81.182212375 
1401.16275602 -30.4538731846 288.572197179 149.335959457 
29.1069030662 -13.9009946058 216.113421271 -147.917430788 
-551.591265858 184.353965084 4.47817196045 -233.663342735 
-387.587400734 -10.7578746798 -227.055790309 78.9640962696 
-672.702743905 200.754839867 -144.694127644 -160.17915917 
637.777844216 -124.573076726 230.174040317 49.1867200806 
1951.80650812 183.086946193 163.727449373 273.675724449 
-777.471441953 93.4008967497 -34.8532182153 -215.101247053 
1239.43092661 -95.8329455131 79.2911690074 298.470226206 
-380.222216045 -83.6015580138 -54.4556520795 -12.6178778055 
-1411.72935568 -12.008326484 -106.826744303 -266.808317202 
999.352499759 -297.720304451 196.107726093 251.522004857 
-1658.32139813 -224.814748139 -211.891935991 -143.025045837 
556.263379379 240.397133562 -44.426793687 52.3452863456 
954.620445688 237.602202372 155.61142269 3.03380246963 
491.660471067 182.57442274 -104.052736813 109.481116726 
815.895789907 16.9766604746 -120.388237091 285.550977339 
-869.806948267 -50.6795729042 -223.39660296 -24.7437046223 
161.319748652 -105.191161292 -138.865894084 197.211033473 
1951.34840428 67.1437894574 286.194756406 239.37046691 
-799.265486295 145.011274218 -236.380453685 -94.9789260083 
-863.59149402 -64.44241443 -16.5236224957 -171.161668295 
411.153602829 7.13634398203 -93.3508481677 169.044539279 
-547.647060014 -83.6033300603 -63.0233439772 -47.889456665 
-628.090040536 211.928548051 35.1927283018 -289.48458835 
-606.178674972 -79.0261558013 97.0430956828 -184.741415631 
350.768484509 136.980098916 -256.606793824 211.828578962 
-865.559793348 -211.216244084 229.157330848 -282.667390023 
-931.622691745 148.085459848 -133.562801024 -206.893985353 
-923.269384543 103.428090839 -179.526180211 -148.039357204 
852.196884791 -108.24808803 161.053968249 146.52586708 
-331.926333389 -122.72151698 -15.1708611443 -10.2805168328 
-185.172981139 128.9649812 164.772375598 -234.545273952 
763.868463761 -27.2274382143 -91.6922096908 273.272452116 
-999.915816217 87.3746841668 -266.254731805 -94.0456703403 
1644.82430622 -23.7653310345 186.293900002 283.49278319 
1731.70527186 -68.1444511799 237.497681496 288.889710816 
-1409.90796091 53.3062891856 -288.852044581 -162.263358067 
659.377294091 247.535648486 -179.494706705 175.620814395 
-1021.16411111 -287.382108584 -241.421400638 69.2545854921 
-1283.17125236 -144.39370634 55.9937653724 -290.625627249 
-242.133355362 1.00989612767 117.499671982 -149.192016569 
-892.241970096 -197.721573499 -267.534468096 76.4995905596 
925.021179912 3.45804467134 130.552584987 131.790933999 
-1834.54725118 -226.79791626 -224.661965049 -176.729901328 
-68.1868101574 214.890912881 -116.556732499 -36.8651289192 
-1479.37276483 -223.966132411 -271.113916416 -54.4106057624 
-160.333255679 71.9137867416 -153.573508702 39.1802282026 
733.25879796 28.0286574307 -36.2288409057 196.369563544 
1340.53723034 91.1157383092 121.947617031 197.906368402 
1019.07008804 167.018089358 31.2410475699 147.649247509 
-1401.04292052 -181.756093563 -187.903716753 -118.535674864 
510.352699446 198.196380332 -150.130175017 141.069462007 
524.236164846 -15.258549508 -59.0764316074 182.80852669 
-450.075717123 -144.195738591 -84.5973223398 23.1251375697 
-169.098973502 269.967570126 143.557046193 -284.894827592 
1800.79820522 163.591663675 270.508404807 165.443066584 
-46.8881451576 233.393152332 -272.664005788 75.953448271 
-723.685406073 -113.260920053 -153.69617594 -8.85918098042 
-963.762135854 -66.1741791915 43.12419925 -239.986361651 
-239.625014086 -131.156666466 95.359289332 -65.6806751647 
-653.090231414 -231.130301981 -192.55599913 96.8989228634 
-580.253035028 -221.923203362 193.130838372 -179.104258117 
988.825036962 -10.4724609531 41.2834242262 221.50043331 
196.547494858 236.251012674 -110.326496545 13.8861711275 
-754.868459516 90.988887113 -223.653983519 -66.4062376327 
-407.951891946 -249.541935411 168.058875005 -103.302847296 
61.5585915834 156.226338745 -14.8856328877 -51.7236813564 
-316.155991269 194.65560677 -225.749709926 -6.82661772707 
1616.40940445 261.4923703 -2.87659528019 275.543229302 
1654.98457345 297.049757556 106.550811939 185.147251179 
-1593.37535734 -195.601558748 -52.4812160074 -261.367024174 
821.544179446 227.560060867 232.536758952 -82.547339942 
-856.556546602 -88.1192090441 -157.115103066 -52.2751068316 
608.947379472 -61.8158206812 84.6215671643 119.654535333 
761.405708762 295.729343657 -172.321869373 171.875196722 
146.783511933 140.161144669 144.644275464 -141.715293259 
1123.67677547 235.915751791 220.817433103 -2.60072687012 
-657.867252296 -184.00822771 -96.05301823 -0.537790678117 
-398.508336094 -262.001531937 169.692774217 -95.8981766036 
-454.962300288 -51.8867283714 -103.505077049 -10.2311225188 
-697.428810874 -190.181522322 -31.230390337 -55.6873305267 
853.942822511 203.746653553 118.86818988 22.7068869272 
-1936.1182013 -231.169333284 -296.00935713 -146.634161944 
135.708851876 -10.8661180207 -92.2757832575 108.586482663 
-118.812857528 5.14669891525 -273.211693267 172.568280512 
1944.27674959 224.428925524 273.148279387 169.079119234 
1407.31347232 249.959627255 -85.1385554462 290.627933496 
402.546432565 201.146395418 187.788328255 -140.688267857 
-367.551593539 231.121430005 -122.270964755 -115.752072916 
-501.601727484 -80.1596393441 -179.970749476 49.5549560868 
-528.445244172 -113.683561269 112.578176631 -159.676183173 
-763.727619176 -238.297697634 111.688201776 -155.546185006 
124.150191783 -50.7375031736 -109.152378064 138.178391021 
-343.668787475 134.155292223 -195.809790113 -6.2229356738 
-796.444269314 249.147529627 -181.664062724 -187.534288312 
-150.6347644 222.255239882 60.6060989702 -194.244764629 
-1080.34131156 -291.877546886 184.130488438 -262.319581209 
-479.063433917 182.543443425 -17.9128859029 -197.393095048 
1413.03565464 208.410234124 64.9318175174 200.595794759 
