1405.22413771 37.0197695206 285.815350455 118.306429492 
-739.223023306 -145.443278223 -91.8532997626 -42.9525799055 
-443.069083171 -113.028154051 -93.5505031685 15.8161229017 
-1073.02890268 -258.386904325 -236.99454752 38.8256369943 
-400.170493969 -284.54230213 106.035390417 -37.1483685131 
-724.233348535 -99.4407175574 182.559445864 -268.383339909 
-473.719941658 169.697173473 95.2957161501 -274.689597144 
-1394.28148594 -65.8486551017 -127.49636188 -219.82824094 
-127.659459244 -200.053411089 -224.498359799 236.285647325 
58.4586644982 -269.417548873 -87.0680620886 214.793787778 
-247.927364023 -209.040307578 43.6810204224 9.54020719419 
849.297796889 -237.589407484 110.915123573 248.132977874 
314.509250537 -275.887228799 139.736236373 111.980938598 
2014.37508493 257.377099583 184.754937639 236.474415659 
760.393968877 232.09056055 -13.6681769368 84.2849211181 
556.717462952 183.942086524 239.030104429 -132.183123086 
573.809179869 124.399952618 283.676316762 -131.411455836 
-96.8947119775 289.865863764 -91.5927165579 -100.598205415 
889.207291004 297.014995003 52.7600297782 34.0428864754 
-90.1026287897 85.932339565 -72.8579615753 -10.907737335 
460.566503324 69.7581323401 -291.857709159 299.161624561 
-176.226387939 -149.613909575 -54.8041760207 71.8780504399 
-223.789970298 -234.79081079 262.698801967 -135.806042708 
679.512859584 181.45678733 -34.6696559524 105.39123098 
-526.172623687 77.2221884453 29.416499969 -191.997221046 
-2000.02511629 -172.327850109 -249.271327838 -226.971917503 
191.065099114 -135.967127955 114.255461216 30.2533760846 
-734.372534739 187.599659899 -81.2070651578 -216.284655052 
928.192706927 -264.743324239 124.488753004 271.173225721 
571.569746945 -125.259038594 259.264914783 10.9163519228 
1379.35870197 130.800449811 131.35122698 180.948425396 
124.03850293 270.400293026 65.0027871579 -153.100399107 
1101.42215815 205.236843563 -67.7283727135 223.283705648 
-724.773191099 -285.821591675 115.942025169 -125.220040104 
-679.992677505 255.742523481 -22.0550715893 -281.233877212 
1555.00050071 117.229902104 261.224226398 134.402303871 
-174.5230049 244.556610838 -40.6748875198 -135.576021914 
466.079010583 173.044187644 -25.7564884701 49.1768464004 
-352.028076686 -45.602890897 249.53332759 -252.320747589 
-1061.94336977 -236.150737427 37.9972858005 -176.08090505 
70.7006818218 -84.1834289161 -25.3063201267 78.9489974156 
-502.686637907 -215.308192974 -190.063440778 124.542363077 
-914.316557551 125.946802349 -151.736771553 -177.643350881 
1343.87631804 123.636186314 164.952839019 150.387755148 
615.502367925 123.356097784 98.982881878 18.0435538235 
1941.16773101 54.3088988511 288.695412765 241.650147859 
-445.256937674 -29.4089617264 255.915999453 -288.384216747 
-925.412660872 -87.7301595704 23.9981382083 -205.467949054 
-479.628310484 -212.281842821 134.933184225 -115.189978096 
-1029.43760448 -69.0180668142 46.1294339162 -257.445743658 
-737.307032389 -214.707964605 166.113228793 -201.670395103 
788.310605354 246.34670391 -11.8920950404 82.7763381177 
761.253552907 -88.2675842673 -23.95807714 252.285846598 
-202.597487017 -13.514844625 -140.958040466 61.9137798125 
-1039.92749088 -245.673298759 -44.4512854659 -103.699758741 
1303.12091599 285.378483556 122.903305707 90.9740271771 
-264.509089146 294.477754429 -5.46299408193 -209.260459759 
1593.09846496 292.14662686 104.761534915 173.496915632 
-1348.7896063 -214.398186179 57.4456449198 -273.10080426 
-529.740074895 -8.17131978702 -191.800867773 15.5441454993 
434.675455939 -141.847417278 280.271031312 -30.767003845 
-682.958916754 249.999915049 -83.3080877262 -233.253154286 
-1592.08905047 -205.48479993 -280.566305153 -84.6342911246 
-414.150377708 -174.901717968 -259.549545949 178.541890845 
211.633421425 148.76344927 -169.980805187 105.766499165 
821.05310046 -64.5013569474 21.4530400555 221.670277951 
-567.260330236 -115.620902087 -206.802019903 70.9835726072 
333.719219824 -39.6725330966 -247.788271765 289.202178473 
14.7090714817 -295.885082719 -76.6240522762 208.934645625 
-552.157126803 295.686606368 -102.395198777 -208.854630713 
403.894998201 -66.8239679371 -188.571639344 275.962472197 
1033.01735537 211.392438423 36.6501626927 124.873362977 
-893.531436591 -88.713828701 95.2822768562 -250.648469553 
-286.364459938 76.869832481 -146.073031774 -0.329325558459 
752.891598238 -226.614057681 125.44860582 207.45887505 
522.169863864 162.265559733 24.714528361 30.728154295 
-1874.29769065 -225.24287255 -192.226455301 -211.953661863 
-1073.75110669 78.2005380911 -296.113374698 -85.386892086 
-383.810493867 -297.960450781 65.1992405008 4.01549238772 
-99.800908728 -145.723898219 238.769333668 -131.230213224 
448.71958419 70.6257772016 -169.107893977 203.746627369 
-263.088475514 175.796049455 63.5839406421 -201.330502722 
-82.6474750594 105.640752453 -201.81092734 77.862609368 
451.221157873 136.101626449 -213.487829769 204.996496561 
1564.2007496 -35.1518288216 181.527391082 272.65675789 
910.255527053 -191.368492401 217.974261902 159.725842663 
1612.23006518 105.099749014 128.244290155 254.266097539 
639.976654394 87.2063136123 -164.470447125 239.751800417 
916.278844868 -107.940602065 239.102665526 103.78608853 
943.142400542 140.709684238 75.6208089343 108.674294159 
-1752.33090487 -252.80222138 -193.243265778 -166.9300668 
-812.748024816 -168.338639646 104.71588338 -197.681756541 
-561.753121334 73.9051021426 -277.083558208 30.5116985472 
838.987473478 -79.1205386966 292.930300607 29.5216052051 
-571.035389782 -252.279954045 26.4426670559 -36.4161919755 
1454.73867769 86.847007814 239.560632052 140.580670376 
569.890242794 87.9099402424 -10.1045390513 105.877778025 
-286.711346856 -174.84957353 3.66585994378 12.9492070591 
-619.281156084 -139.393614756 156.28561327 -202.253240531 
599.557318646 8.42792610264 184.14835838 7.79520627277 
333.563263124 288.558570431 28.2011933145 -81.9244280063 
-616.653230166 -154.359649919 165.22071576 -201.048435221 
-454.819185486 -39.9065417582 -120.300269618 -3.66334987032 
230.048325445 107.724623851 -290.950943895 221.811457356 
1275.68664038 113.922417436 195.640618615 115.421363835 
180.87861087 9.57991750097 141.714814621 -65.9844059853 
-105.586865033 -165.468513999 -107.207132828 136.50808275 
-724.914756958 -164.793155814 -284.693043638 114.715425072 
-85.6302852793 55.8039235234 -91.8140008933 19.7310469311 
610.939685404 278.369695096 235.404245664 -162.961472221 
2029.50119157 231.835131954 261.146170756 195.737076593 
685.102580074 84.9589004921 -136.339445877 231.07173403 
-252.128126754 68.3898764266 188.816848478 -239.083734217 
1307.43596751 261.974707823 138.565794043 92.1306721128 
-584.257895282 -0.656337357024 -45.8820063431 -111.416896019 
-423.658710461 286.678091217 59.0903107751 -293.653636323 
-1633.00167871 -137.208373218 -150.588332886 -226.494319571 
522.126041406 -85.9741635149 -85.7599602847 238.0357122 
1275.67074457 -203.728929628 192.774771093 276.399813348 
36.0152836566 -131.884559039 -37.1947972728 102.854474539 
-498.886340139 -79.6091038965 -183.150037606 52.6408524983 
-138.274715879 -7.57893185123 161.469931919 -151.765665582 
-1206.48121771 57.2349366287 -288.489057363 -113.807627137 
1887.75906692 178.889777503 291.731661911 163.475813902 
-1367.11386554 216.517507329 -256.722969416 -257.536815003 
712.300587796 264.596121461 14.0407412195 35.2474873567 
1329.91657211 -98.299427798 128.444417498 285.321379004 
68.3267098308 -178.782304475 272.193547921 -97.761479233 
-980.494530779 158.462006496 -128.236175438 -228.328720546 
19.9367942109 -114.917614128 -275.232481084 269.057655818 
915.189520048 167.793638509 156.388412463 27.5956752842 
444.630936047 -42.6636038058 133.699763311 32.3585390005 
1688.5272291 229.944259163 29.114753876 285.167597953 
-269.582957535 242.619560035 -233.345391239 -13.5921704745 
742.908276915 264.764340031 250.221460573 -134.393628155 
-288.395740832 -214.052017145 -187.305791049 175.415242271 
-912.894899519 -174.829038326 77.5911553764 -199.090615236 
-817.3825416 -151.022145873 -62.3643240809 -82.2290500517 
-1245.61488228 197.512404138 -212.126771353 -250.930989138 
1501.86957522 246.971900661 -26.975779631 272.426652195 
105.389429074 86.7774914252 -26.8897880271 3.16343073957 
949.593659604 286.635464748 244.135920658 -88.8181230202 
-720.095708481 -125.515785522 130.321169039 -215.217984655 
526.123253056 -110.094383026 -101.626709113 262.994909316 
548.999032958 38.7120883934 196.485714705 -29.4742769283 
-1033.13664511 -237.673557465 -101.078299032 -63.505326663 
776.55083723 263.417975535 -155.399852057 178.77293436 
-603.333981484 -297.625229571 177.363926226 -135.008112248 
-1139.90649074 -21.8209430325 -24.033336578 -255.832493526 
926.902449785 264.291667692 -230.265461821 272.158951203 
1109.23322715 -180.71788578 270.510812332 165.023335528 
-203.877963038 -214.033850731 209.175575026 -100.854322319 
1684.42668035 13.0450630634 275.223678358 208.104848314 
809.375603684 264.12999114 149.68955702 -41.9334443835 
-241.323866115 -239.627862877 -220.380272326 224.993393095 
13.9691242868 55.4276090697 -125.372981463 69.5819520706 
-927.285286092 -136.856400875 24.8861413603 -181.961777947 
549.657162958 136.54895471 98.8776584696 -5.06107647827 
607.449787642 7.27065998821 218.716638496 -15.8910831819 
-419.060203163 -25.2238795725 -20.0459468011 -77.2665211179 
-299.148513847 -264.873053255 -81.5819507033 118.955787726 
160.362241556 -29.6716511384 249.067405094 -131.974445951 
-528.552042437 144.519483338 -9.94202056744 -196.86983346 
363.733189358 -98.1134448023 211.245517954 -18.2846987554 
-582.626147766 110.499356508 -200.775272095 -50.0954496566 
223.699686758 -11.5140702672 149.143943038 -50.0732639336 
519.527570936 -213.662527792 260.33193517 41.6518035425 
-114.290132739 88.8001004907 184.371816333 -211.407552124 
-1044.71553319 -237.080919594 -185.619741908 -3.31332311273 
-1037.96045786 226.271315851 -123.271734599 -280.355714003 
419.129459999 -18.8032070024 -247.022077122 299.517712575 
-1732.8647524 -296.432226607 -202.017706762 -133.499622295 
888.160933396 174.964010003 219.822715457 -30.1648490487 
768.467677835 -137.36287746 126.883899098 165.668772825 
1463.60588076 -54.1510500715 250.351378518 205.277143866 
-1218.89121198 -296.780569872 -62.4963272876 -109.532467767 
-933.91315535 160.914236546 -267.843664551 -113.016082359 
1603.01339021 203.086069737 272.936890625 94.6592708656 
-1431.75066094 -144.545153173 -102.189110726 -208.836198208 
446.042502158 11.0955642072 -238.689121505 284.922031423 
414.838177235 -178.928107627 28.9516114457 171.329017377 
1305.55046608 165.420518934 -43.3442861363 276.243115353 
219.480608424 252.122260542 84.2444577 -134.558538992 
76.7559422875 -158.213185444 97.0096659559 25.4087215456 
508.646229107 42.6371591852 -82.859068069 168.096703562 
-1163.02957371 42.5392989447 -272.795962755 -107.347939175 
-431.987892015 107.607859776 1.84262812488 -163.396225637 
724.744585726 82.2235340854 235.665656109 -36.4685133429 
795.069807424 73.1418631239 168.865351411 35.4238802691 
-363.018579063 -231.296322532 292.225222942 -194.298707811 
1506.34196949 135.105855382 146.929084656 199.015892058 
225.277985143 -287.896018257 -108.454019015 281.829108057 
-10.1617938919 -227.937227588 71.68410344 57.5957372911 
-415.078378208 -207.339451525 70.6977971974 -53.1110245376 
-9.55957279213 -111.991468905 299.164385343 -170.807515786 
-321.9954589 97.3246603319 -58.6884331309 -84.9863629738 
-572.740059552 -34.5249208579 -262.197913873 70.8608030658 
256.118961987 -262.660564111 186.804470145 55.4511154474 
1621.7027775 51.6899399679 256.704432001 187.012676495 
434.409125076 273.006074212 24.8546155325 -46.6906987483 
622.473567623 293.867170695 -23.8346236636 26.6020723889 
-719.492442758 -253.879198013 281.640030138 -263.952061243 
-1135.25064811 130.383438475 -95.1257301459 -277.597328193 
1649.30641598 293.799831941 -24.1867570007 283.502884328 
790.673304639 59.0861282959 223.234589213 0.821321278817 
21.6678556541 -82.3165396535 199.76011661 -103.129610442 
-379.101521149 -205.895591559 253.111477794 -181.806458924 
-422.303830701 266.238944117 28.8043467501 -260.081989892 
-1837.65220705 -101.747373096 -275.511628823 -201.730715258 
36.2547301638 -214.692491322 166.274899399 -8.13124572886 
1175.48010344 -91.565341555 158.516848604 220.821607031 
-200.918095264 26.8128755478 -138.120931729 40.1821809097 
-1329.85899348 -44.5892563766 -258.501105982 -116.161860909 
463.157908844 161.361901655 -143.95144898 142.921110161 
747.180404008 -226.583608542 132.873845752 200.263439707 
-721.818980698 -210.962184316 -166.118330375 49.3864373049 
-1078.59444799 74.636835855 -266.414439465 -107.142403916 
-1220.81236589 -249.570602049 -191.371419083 -36.7927591875 
712.075261842 -73.6050776915 277.616007253 6.41591893435 
1159.72339504 89.0462940358 186.381872564 105.740689359 
-298.222997162 -200.434942326 266.261372675 -174.175663665 
27.1568200087 204.282271225 45.5828804609 -129.516435586 
-490.087464845 293.752358769 25.3122660302 -288.462499315 
1498.10918418 -202.240360428 250.621435646 287.655058284 
1079.71523809 230.740062325 270.440998456 -48.2809556599 
-308.795159135 -77.3745338999 -178.835058863 95.7286560557 
1097.4442943 -101.913637533 46.6219071089 290.128852337 
-1421.54537034 126.165743552 -212.383990123 -259.383219862 
731.55083136 -185.116764634 125.223667394 181.402245281 
192.749784923 -260.592894101 235.497626908 1.9247276198 
122.627612623 -116.008973378 -28.5710855914 110.076838216 
-1424.36568885 -48.3520610266 -246.1437853 -147.203573174 
307.723569964 167.083397324 -3.95783778952 -3.48732414437 
1265.25332268 25.1061424485 32.3160675394 279.773113719 
-1468.49246708 -270.622533793 -14.032096826 -221.369567717 
-1622.29351324 -195.041629451 -149.969569161 -195.508019659 
1872.34344224 278.432665937 109.256620617 247.174852459 
-343.437562369 161.252036604 -60.1149023926 -121.479792638 
850.140508678 298.825138678 190.763636545 -79.8034060456 
-236.813831418 -296.358366494 -8.66303943501 95.582456766 
-362.699373633 180.472951685 -24.4446233754 -162.711467986 
122.822507249 125.670500686 -93.619005233 38.2699432968 
-62.3644171804 217.406948059 42.9034621748 -156.592917208 
-354.586648869 -56.8481573187 276.939700405 -267.971196351 
-1278.74585747 -50.5850378698 -31.9158744278 -270.327711035 
-909.01956864 54.7917668895 47.0298697678 -290.143964733 
1501.82666241 112.543399593 72.1226802233 265.03561823 
200.21250804 -236.688237177 -83.7194267108 231.216789344 
-16.9204677641 33.7084293502 255.690363768 -212.808575016 
749.920081585 -119.773329559 27.7553195751 226.450336464 
494.865265679 275.956333123 -122.062291407 77.4283577872 
2300.29756677 273.43786322 188.755906495 296.672903228 
143.036314723 176.335553255 213.104315079 -212.217542569 
384.659441229 190.242687297 139.940432681 -104.11934609 
191.285150053 -196.319985908 182.833702906 8.86661626938 
-379.185299265 273.509791898 -50.5671503481 -193.803337273 
-1351.44886458 47.2578591802 -118.708920176 -272.67472319 
911.272005287 67.4745696892 190.880260739 51.0111784215 
827.116384973 232.505897076 287.552446628 -125.266076916 
-2051.63896019 -89.6609894865 -298.054050891 -244.485632838 
-1824.60611122 -232.168737012 -230.431837572 -167.163543651 
-475.31097335 62.1958591686 72.0140866659 -204.014580349 
-36.3077730593 -123.875123794 229.234318456 -119.254901708 
-126.181203968 39.6923049926 128.559616294 -147.929125207 
-1305.29175006 -147.736351316 -139.427766788 -147.760939118 
732.947975501 -250.634664237 179.766408746 173.867628951 
-211.581998775 -172.816818162 -190.371261448 176.047273908 
-566.966076759 -108.34145576 -235.225039394 89.0048066315 
1116.65259321 270.61626959 164.740256324 20.1857127813 
341.683418466 103.062255356 95.2415717194 -37.720611114 
1078.21439439 -10.8587236963 228.594470543 103.74812004 
-1153.88990681 25.170151005 -154.042690785 -185.759368774 
635.526244237 -69.7699025919 -52.6646406234 233.369752661 
843.295818827 183.566917424 21.4684007508 102.926516494 
-1939.04562875 -267.016128199 -96.9737663477 -278.417890217 
1169.30189609 33.6009443684 227.666714101 104.888293839 
423.601592678 -11.5017381815 -92.1252119346 180.878172397 
-88.2058320919 -186.056927716 64.8025018497 22.4358381562 
-289.303715361 -99.6147594539 -257.200845683 170.406926089 
1162.68632166 -246.608259214 245.131938206 230.131746794 
1100.35628063 -56.6147836058 17.3019451866 290.567433575 
-603.762931347 -262.490237767 124.467629168 -112.91302346 
-620.033822643 -26.6348028698 -112.975652883 -57.0366992739 
-1035.77024222 223.603489098 -159.013287032 -251.251292716 
1175.70487334 55.772933015 134.210480607 165.312697634 
-1105.00563503 -181.204420061 -113.744046171 -100.162910752 
-956.061382866 121.190326801 -229.970675637 -126.993220358 
941.36256836 -171.984426121 62.8716837018 273.988514933 
-76.8513470159 -125.291115317 81.7670925599 -18.1029240384 
-608.10430065 -2.63026251195 -212.881908535 8.9907292209 
-953.956527233 -293.126398417 156.889849175 -209.808072556 
-1831.36577967 -188.463327952 -285.605562786 -149.289469317 
-215.883560831 119.524309866 -104.984110984 -35.0676912996 
606.380740507 160.422392901 89.6493939524 4.22648324622 
454.781309699 -247.772917717 133.705900831 137.403662001 
1467.03831232 248.481278457 230.151227389 69.8015812311 
-1181.92544436 85.650538928 -261.664948869 -141.986067428 
-834.858964784 -162.717187353 58.823749081 -171.67212563 
-357.686058502 102.198967407 -72.0484332732 -86.4875116215 
-1231.86466597 134.422368262 -100.928842903 -299.582243471 
725.309719955 -207.616288637 32.9881673759 260.467129152 
-272.978757461 -74.6057525882 171.316585179 -159.47745216 
-1033.93372892 201.891054358 -229.974594797 -186.999908292 
550.835633312 170.913788236 67.9739160534 1.13139397003 
-286.026984173 -230.963419036 132.642091036 -55.4066522151 
-1330.26175751 -292.52946549 20.9887758415 -202.054602378 
-388.76360173 -24.979959457 -283.145463084 127.512007167 
-226.282115238 -86.65720387 196.092215904 -160.38873715 
778.515073486 210.690894172 -41.6191271826 120.263241569 
361.712971523 239.705075637 -107.711256067 51.3689283331 
1670.80356294 174.914285425 253.255591917 140.176073773 
-1099.72709255 140.17860806 -168.008137402 -219.230134296 
-943.374441986 -71.617214553 -266.034370111 -0.713658923338 
-1589.80156085 -265.427288214 -160.601961495 -144.32327402 
1091.77062189 -30.5770881705 8.64489571941 281.521450285 
-926.901351127 166.638774857 -263.890733757 -117.376336988 
-1141.50079697 -124.078421398 -144.503023478 -114.765872214 
-120.414564143 66.4670361719 58.1521650351 -106.73864449 
324.945028149 -233.191902244 -135.073880205 299.344276799 
440.279890349 90.263544234 -128.549027196 161.299186715 
2041.97734449 34.4496423607 297.467087006 270.047156932 
1507.37467621 -191.578317878 268.405765943 271.381633713 
-226.753959958 -11.6782826434 236.326591451 -228.145141352 
282.954800886 95.9047695079 229.059318385 -149.100630596 
-704.439353159 126.885312012 -165.265624487 -115.846182017 
312.651088648 -99.8042067347 130.150739512 30.6069488737 
982.416372938 -106.39654459 98.5848861995 224.98788746 
693.139989141 6.1164809687 -77.8457552339 228.444985414 
-12.1026859181 -141.340820199 -82.3600095586 129.618173398 
1027.60030277 175.956874261 172.310539421 39.8144262486 
352.625865389 7.74251320933 -246.811856274 269.170111113 
-562.041446171 -296.389519221 186.209102636 -132.046203409 
-94.8122318931 -87.1335583812 -9.66478662058 27.1081091317 
-109.011545649 -220.147265625 289.660974127 -134.621502811 
-94.2662094091 167.762896569 -239.851435363 72.4885014229 
375.883819039 -171.375559178 41.2275461756 148.712129558 
-634.644317757 -267.562220238 -48.5890992931 11.4669089309 
-1768.95463186 -275.014797092 -16.2641964372 -292.73009725 
-202.587997189 81.2398093004 96.9267126078 -163.842543309 
453.299600793 287.383782361 -167.980644945 95.8675997291 
-139.11438352 246.998768426 106.873762462 -238.661622831 
343.185076802 -149.474601103 31.2694205052 137.013187291 
1303.71872397 -42.0152915199 272.349886553 142.555134197 
6.12532458777 61.1122181538 182.881000057 -166.179009655 
254.601204998 117.482406016 144.921659977 -103.861847006 
-293.681161004 -135.095558502 74.6965289988 -61.8887390791 
-417.722833347 -82.6152296448 -256.665692763 129.293040854 
-712.351542601 94.4656847659 -38.2248556595 -196.608576412 
141.840281675 -96.3139213883 -16.2379730233 95.5565377507 
-860.545934127 33.2245549264 -200.044816628 -81.5391056745 
-1407.77612518 -181.131887757 32.9376895952 -285.889981224 
457.877699451 -19.2811522835 -81.0369968875 185.065718945 
-534.669303198 -236.882136973 257.657991865 -208.464524539 
2004.34771759 272.622136916 241.436931528 183.898442522 
-2297.2871276 -244.703890961 -296.137547135 -229.954417629 
-261.538092586 168.307285708 -60.4124354499 -104.359200982 
42.7177721943 -112.341221848 121.648211815 -24.3157038112 
1021.39809362 -163.080826228 205.624465907 182.889209218 
-1086.35922962 -76.8831347506 -233.047689809 -58.1475307012 
655.002783976 34.1409326132 162.020141121 25.2920265238 
-119.293026683 -32.5939175601 -17.240738363 -0.721039333607 
359.77432837 16.1134678619 -62.6857762395 129.014565608 
-902.072867051 -128.880614299 -66.4213829551 -111.321913183 
933.116073225 -137.215743259 182.093585979 165.072689192 
617.428445971 -132.88015263 18.3433074097 207.260680361 
1289.9562756 -91.7481760546 153.412814369 253.279223202 
-795.209586341 225.001858659 -25.7625693778 -291.865671224 
696.496081842 277.718142989 136.891962359 -67.5401109464 
-250.247856382 -185.353294429 -26.956294879 50.2210603119 
-913.948356552 -96.2665618651 -45.678910418 -146.009831204 
500.376993544 83.9433167888 -109.79906736 165.675628051 
19.8939650363 -218.495548464 231.87556495 -59.9104369586 
-1623.7249207 -161.020276234 -53.5411840366 -285.480306619 
924.266154725 -40.1601620006 290.821405939 32.8466417292 
1129.68563971 256.258625321 90.7036247514 86.0523266138 
-208.85252074 -295.654399004 185.861551703 -43.5873542894 
-87.1805828194 -25.4869575872 -231.57269527 164.829776388 
1732.577754 115.359911562 258.513396561 181.370986358 
-1695.93154966 -252.201972827 -59.9994876633 -252.67333147 
-2158.84088765 -108.069784335 -271.933645042 -281.674130345 
241.565105015 -207.64595282 -31.7260077371 188.201953308 
-1474.2422996 0.551043645627 -197.457796707 -220.50326057 
-108.814119702 -98.3523891016 3.89252125319 18.9790322115 
444.10765372 38.5606600643 -153.648326181 206.950294058 
256.175006351 135.223280327 138.051734159 -107.141318537 
-2381.47957836 -209.773513949 -284.168273964 -277.120209034 
607.999783053 -31.2760869317 105.043308513 89.0133471522 
1109.87549624 172.955564192 159.23388926 71.3465986217 
-37.485309753 56.9238301658 -227.246937527 132.447933971 
-740.497656798 -244.096298685 -75.7992781016 -6.15317637752 
790.148608996 -44.477581134 275.291305674 13.3237151301 
502.083823705 -163.714415641 -115.756286584 293.963547705 
-166.283630443 43.4650982739 -95.9161779763 8.47120764292 
782.896962131 151.764869684 99.2626552894 45.1910569631 
-1463.96896823 69.4741995048 -273.828764377 -195.52916008 
-451.365155219 -232.274278446 141.283204361 -102.641894874 
-506.414127895 221.860125735 -49.641668149 -200.268891398 
-70.5092924978 105.131965052 286.868605277 -285.420908505 
111.723131168 -251.835964994 157.794222884 35.4042992865 
-389.502486089 -290.297855107 -235.26638891 224.071698668 
-798.968461541 -245.096572931 111.018745382 -160.642927998 
246.87008369 238.500778998 -167.721013723 68.2444190673 
1450.58182793 118.067644986 287.973083139 87.6391273388 
-589.439518355 -157.540203268 -118.015155142 19.7637372908 
856.244593011 47.3957785472 -27.0752085833 210.690350465 
454.124703446 99.5173953207 -231.559868094 237.243833872 
684.780000968 123.24245578 -179.708215894 244.273203654 
-827.967163176 253.257747359 -220.684470673 -168.01054863 
-1720.91978478 -240.115544934 -246.70066382 -125.364526788 
-570.116142394 67.0267671234 -51.9829677265 -137.160698138 
-164.204634421 1.81049456595 -277.57485255 166.024968883 
-652.490828001 194.732591089 -157.979715848 -141.815902771 
-83.8010618333 -161.101654182 133.668269481 -40.5316754014 
-417.181146202 -236.779407736 191.151590202 -129.256801852 
323.209981156 135.641571193 -240.177540885 192.98030895 
1156.50944432 -72.6444936759 214.464313311 164.372342656 
-700.100292754 -238.294285187 133.816272145 -156.150921581 
579.350748671 156.024353927 -155.45041077 183.43231512 
816.319171913 -40.4282298805 291.732960415 5.30290189147 
511.903894949 83.4952123544 -228.609648855 257.841153034 
650.919059666 -216.743036735 198.655251708 122.345103119 
674.442693137 293.655515029 -284.788742177 235.474220516 
-978.434794353 -43.4190910708 -5.61987544507 -218.608006357 
-1010.64084525 -12.7020058983 -6.76320381943 -241.199842516 
-704.670271318 -100.292460108 117.495167567 -214.234266748 
-179.152993541 -36.0098574497 -201.26568707 124.103624551 
-190.404463779 210.815167122 37.1196360616 -180.610026235 
-1006.37524208 50.8382804092 -13.6157155252 -266.822409018 
-569.488207368 -288.977081721 -187.562651995 142.754361402 
-843.620958233 -166.397743392 225.121865083 -296.556143319 
1411.6506394 137.643708111 52.376529456 244.961678314 
-1175.24645672 -128.435469457 -291.728779634 -10.6193545693 
1411.85707825 264.178397787 297.796915003 -2.44453052226 
-312.353684369 -255.669448103 0.820759969772 49.2140874348 
-66.1834585165 36.9872729332 179.138820992 -169.353043041 
400.509249892 -145.085100609 -106.787870215 252.67230633 
937.302616181 -234.721681341 140.018235279 246.515235491 
-1183.55781174 92.3637215583 -148.219878686 -231.027983868 
1559.40778114 234.909517762 123.035947241 179.999145794 
-1812.78683049 -274.402589726 -158.334955674 -197.190134717 
-108.08100942 127.085919606 125.972589803 -184.900036205 
-1628.22370365 -92.8023144435 -114.604028193 -274.525811761 
1147.63081569 -114.596641923 115.965407286 257.259103825 
-846.719674909 -137.052218169 88.5293377557 -209.649903146 
1324.79379041 -67.2753378471 226.1682194 195.081954061 
-303.896076938 -53.1716465044 -227.884133294 121.552335232 
-1840.12117362 -255.772266972 -43.5224950993 -299.664434642 
-1974.520183 -263.322894479 -183.326624633 -224.605829822 
-895.462086647 26.5555740861 -113.201356377 -152.404954784 
22.3872469508 -91.125701876 225.196810412 -117.584232788 
-573.966225411 239.863437174 -45.6485108415 -229.127193481 
25.320072323 221.97290726 10.9082797093 -112.977803273 
1359.90393803 189.423990054 135.358048826 143.750924699 
-1591.23046151 -139.72981894 -292.358213923 -108.523791296 
384.516867626 97.7345176302 15.4426861424 35.748238505 
-771.760707491 147.37404103 39.9780908821 -296.695113979 
-1363.44833332 -6.4779252008 -86.391178347 -272.667470938 
-145.685090967 -28.6024248833 -6.08172869717 -17.3902695743 
-243.462774476 91.9985671592 -235.216420227 69.3590812513 
-228.700551161 -7.42948305165 73.0979191511 -108.476370845 
-3.81091565996 53.7226189862 -88.8624050645 38.8278879377 
122.336518358 -108.162308699 -256.224185058 276.955060547 
-1609.13644455 -218.178796422 -202.818607675 -141.186893248 
441.061057923 131.938558318 227.835263941 -126.461548018 
-555.58349484 -246.878615755 -157.883415645 102.855132593 
863.928534788 -80.4250873745 143.93974297 148.395776933 
-464.332597874 160.196214998 -225.732274529 -27.1193945364 
-1202.39238185 27.8344551263 -243.459587272 -131.678278067 
-1356.80293379 -140.194451865 -139.367177953 -164.596452494 
-427.07411367 229.791615398 -45.4894377245 -187.685578272 
1631.67730138 67.3258009612 224.717348556 205.874411259 
892.473557937 261.083660566 -23.5818867651 110.205679825 
-1446.04057888 136.275734132 -234.454519075 -253.864712336 
490.185115117 117.603476762 -62.4420220935 110.818540626 
-1886.14636741 -96.440442841 -178.324052344 -289.744016909 
-1645.77272228 -6.47340347717 -241.488187086 -227.283169872 
0.376549831475 257.007035893 9.78598586991 -135.528684511 
786.8518878 -139.580289347 66.6894420502 216.524962499 
-606.934419641 188.125236696 -223.050674172 -78.4951539309 
259.303348175 151.621576995 -298.951866366 213.018630791 
-283.62251755 97.2892709447 -204.922676495 34.2933784774 
-958.989014106 156.692145436 -247.033028663 -133.002047692 
-54.9052446776 -298.185208347 -151.61601393 249.105332282 
703.22765864 264.390424279 254.23719559 -146.850587269 
-217.278723379 -42.8075652231 -273.996629381 172.352643338 
-156.125712101 296.367590872 -181.418151535 -51.3559822025 
-205.042970863 -72.9024151386 -132.686599964 84.9342268588 
-633.90627627 137.780707651 -167.461954519 -101.751444652 
-86.2501036546 62.2035556486 272.57122616 -256.924498387 
1562.94343387 178.364384856 111.023549647 218.476722474 
937.720484478 63.0805834143 -53.471801288 242.978202617 
828.228593028 166.316067237 15.8573583239 112.165460239 
1047.68857319 239.929827312 69.7455107208 89.7916189344 
1299.27763998 272.150226583 277.073508035 -18.8749978335 
519.091216782 -151.111937727 167.426658763 79.7009856677 
-457.861463279 -166.727108944 85.3132707272 -94.8623288393 
18.6678472333 -290.738950743 61.1468509072 104.218677974 
-329.076832128 -243.894345057 58.5227988354 -4.41360368917 
-949.369933721 143.597364317 -87.455553258 -243.649383447 
2225.04180554 265.041400927 259.741271222 228.819033769 
-444.68569592 -251.745137132 65.2283031044 -34.4302568473 
-529.291120714 183.773600271 58.8589063721 -268.353837203 
-688.40577061 46.7493268918 -52.5224806875 -155.915274181 
-17.3705509918 122.760289401 -160.469336356 54.6534650113 
-1730.54476328 -90.8086876653 -172.912561569 -257.593820743 
476.633246252 102.051369041 -4.45439266184 71.2527889857 
-559.327822925 8.1194684831 -285.286315001 70.225045342 
828.928877339 216.940455403 -6.84196292039 104.096221495 
-838.878209346 26.4877642583 -49.355107395 -186.180598652 
564.760627091 12.0174567158 -91.9931860548 204.279446645 
506.955510746 60.9282527963 -23.5322611982 113.789324084 
-1690.82075936 -141.39902023 -248.281240794 -165.689601421 
461.297318207 -145.606686758 -77.5004075354 246.221594823 
1463.61736533 239.82338835 30.199714655 223.536483679 
-475.467866707 280.027670961 -3.68987401239 -256.004454962 
-501.630134495 -119.69893993 -140.576606898 40.0612800579 
2307.93717258 228.184440121 235.554627997 286.336851923 
1430.12753305 244.41966471 232.106661825 61.0547812959 
1318.66745547 275.269750213 64.6230368481 143.592967555 
-329.107039987 -145.495346422 -266.643520559 190.488166578 
1217.93035806 279.994494235 -66.940224986 214.869893938 
-1730.7285923 -285.771794433 -95.7335186392 -218.198282005 
-733.844824219 -35.6508742048 -243.503255384 17.0838501696 
1994.66170397 67.2224648511 276.82176232 257.364520871 
-758.255627096 76.4507785423 -107.240794177 -147.382566753 
693.69167499 79.5628297954 -3.48047476786 136.328027542 
-293.326408658 237.081897442 -116.78502008 -104.420695361 
77.5513899196 190.213391671 190.857393488 -218.631307562 
1735.26565564 239.466909294 224.226730543 145.979373901 
-1339.22523558 -36.4143426804 -26.5956921416 -296.641392404 
-1173.34784915 -280.683250676 -48.1298703636 -116.659075215 
-386.185750332 -253.588920158 202.418952216 -121.319075508 
276.982456333 -246.956471443 -86.8675653668 257.646974293 
388.459289754 87.8589510007 -135.867733456 155.063653 
1388.94159402 291.552915139 -19.7575366346 216.175283445 
-149.955295417 151.979420322 244.642372093 -297.058008867 
-1765.80466812 57.0441258374 -247.047168062 -284.534666253 
-1269.6259569 -250.580233097 -209.73693587 -34.6693628242 
599.649713028 174.145434423 208.532813894 -93.6208172966 
1067.1657252 218.71867706 -20.0654189493 172.50128183 
-32.7983425247 60.1533640362 -119.781245677 51.5112416734 
-1579.07605819 -77.6404376518 -282.818426025 -143.896257872 
-2353.67279352 -220.519119272 -295.914768269 -256.005083296 
308.275827495 41.7255118182 263.552503445 -141.2857987 
219.044245148 155.446596861 -29.4439308951 -0.90033705474 
232.892689848 -103.593805069 251.395949224 -78.6416791134 
-706.810100628 -74.2647744141 92.1378406615 -208.906032683 
513.210051313 121.729560229 -241.35891048 248.289001185 
-791.270585582 16.5216213226 -113.098697565 -121.46203359 
1046.0278804 296.70657926 74.3924170378 57.5398510052 
-187.951369546 -287.759054174 -86.1644354261 161.421983044 
-1595.34037514 -205.828940185 -70.1756429728 -243.070991402 
-349.545161813 -90.4431374299 -84.0104447646 20.6220579717 
435.389868395 -279.180772029 9.51645451727 241.473160701 
-538.480516454 108.032945953 -9.67029182551 -181.436420046 
298.335661196 11.4171507801 -156.683079325 186.209164211 
55.1041973922 -218.611832867 132.175160819 24.1467345436 
626.458925453 -271.758139904 153.627353897 177.170957055 
416.559551561 73.349503298 101.818886763 -8.94776632293 
-191.640160176 64.7092173991 219.369160659 -244.899203215 
-1014.9174133 31.2916783579 -96.4605802998 -196.957397366 
875.57221506 -25.5584490911 92.0380846811 162.480081728 
1530.73429268 250.237405795 87.3339727129 191.970092587 
-99.4632772615 -283.072111586 -78.7819972031 175.648883112 
228.343731826 253.623106408 251.389385051 -258.172461827 
828.568144382 207.537530419 55.0360911848 61.9022798042 
728.740892616 153.572924607 -172.188506189 234.330785504 
-669.933019794 -263.134396948 -108.074709176 44.960024353 
-885.061853828 236.509880397 -284.422683107 -125.971782741 
-957.27542811 256.992043741 -120.568782006 -277.220026291 
-409.408774575 259.580065172 -251.488533501 -43.6552580203 
-1068.4508027 -135.088687566 19.0170812367 -213.922048967 
629.596881849 -107.636226642 161.252142659 90.5243268698 
-820.451672515 115.653141138 5.7763366686 -267.385893381 
-1189.82630236 -259.046122846 57.7334304496 -211.102472873 
339.605112181 94.1929268252 -108.344779733 119.218524989 
266.345165706 157.722768186 -160.438215466 108.179547907 
261.04264423 179.127310469 -242.020549595 157.040159848 
-202.908377262 -4.8840183592 298.900126388 -272.221372429 
-412.999433133 -299.557065424 273.156239392 -158.415321141 
259.37790882 -19.8818642147 -191.143727281 217.982752364 
600.329999916 215.225544961 113.96591516 -42.7784605175 
-1277.6025771 -74.5006411828 -169.801272931 -154.556527063 
1011.53097067 143.17191487 -48.8516735315 217.794263678 
1689.61127205 206.97770667 75.1091729205 262.641474393 
929.12943995 -75.1240247411 220.379197357 104.517441084 
-1311.11212669 -174.594307221 58.719192961 -284.397795745 
1193.98965674 205.110372633 217.095428199 33.0314698217 
414.627122281 136.478551706 158.117838759 -83.2804133627 
1035.221545 -287.19340773 147.159024245 291.974957587 
422.624756251 240.584650008 -14.2898770529 -4.16750864685 
893.271387927 299.255549231 74.4277155156 18.0979893947 
-853.654730755 -272.820712128 89.6346691719 -144.111602676 
-357.038577613 158.069661694 14.2587669446 -178.934356604 
-109.316277737 286.080672744 -28.8455450152 -148.688088265 
950.403335962 210.941300193 -100.726463113 207.503757751 
486.693726976 235.958913233 -268.851582953 205.512353119 
-889.201353625 -110.824776047 90.7688413108 -234.767263542 
-1600.80556361 -253.339429388 -290.824077421 -55.3855988167 
-366.381211006 19.2254557319 -148.921846018 10.6962688726 
