-17.5219454826 87.2912816271 231.780668415 -221.779825512 
-519.842590331 -49.1551309436 208.526797492 -261.549211975 
-531.679755485 -187.43266609 254.08150293 -229.678329597 
-940.832935385 20.7275065407 -154.584439619 -129.855077745 
241.520028277 146.681177954 110.557881763 -95.8985704352 
613.744564197 -4.75371114145 -114.787320654 241.947696577 
-1599.76167582 -282.175504842 -13.9995691854 -248.593180407 
630.575503619 78.5532440656 -11.1424256331 126.843697616 
281.784125088 -93.0524283741 -191.946337659 260.903353825 
-71.9137430594 38.9764452255 -2.44359402707 -35.5093214041 
1420.9840717 84.8935054553 284.819623797 99.3087467467 
-2212.62706382 -258.444102455 -282.137635373 -212.436477075 
-472.76427305 160.35639756 14.1786873607 -209.037713391 
2113.15511978 260.595141115 274.713951714 191.986276667 
-288.846596005 -134.600082485 94.5360848477 -75.6683851435 
418.323740817 56.6309531483 254.642680718 -114.683130857 
-1471.93558372 -274.646607461 -106.920684434 -150.628165914 
1824.30115768 219.143595226 273.126257533 141.863717315 
9.03637304929 299.620779377 106.658213061 -227.71316493 
-362.789466624 -290.737401463 103.411024366 -22.7857422278 
-1254.64645825 33.4301694068 -139.620634969 -225.783329426 
-1405.22778005 181.127614482 -279.315926694 -232.618846448 
1259.9954642 195.804811919 35.4986230542 190.411768059 
-701.867803032 -140.381427818 34.9161480834 -131.649704134 
875.361288515 50.3177073579 -52.0237071554 232.663604993 
-1273.09027897 -114.45081503 -199.256679025 -111.397186746 
-26.105257317 -180.408819541 -191.495993997 227.499543348 
-15.0649094412 -84.2819630337 286.764949989 -176.899040044 
445.901480624 -63.9296639033 -73.616911968 198.822213936 
-0.673996092795 -96.5725476058 -183.870138877 185.960418732 
392.450641104 -243.505856719 53.5681610425 179.570714141 
522.725725145 -62.0942908598 43.7035926842 128.896405693 
-520.923602919 -138.100610049 137.051728798 -163.793703689 
580.213123395 254.036809697 66.9035858405 -32.2838372532 
640.839846488 138.528250422 31.0695955085 67.4660921951 
-1584.84865319 -293.857027668 10.6497418924 -257.25048291 
-1553.90906521 -70.6991499794 -145.571056769 -243.869160825 
791.549367313 144.364475843 -223.81437602 293.433687324 
991.411622604 -241.555955426 225.232394813 199.518168499 
-371.648985938 -186.323801061 64.496177752 -48.3636927605 
10.2461694468 130.502312664 -21.9830885967 -46.0405013009 
-28.5701809618 96.5481744627 -32.3382275259 -30.9407374176 
-13.5638919986 91.2605039842 -97.5392516864 23.9267872896 
1247.23394857 91.6605168916 27.894582281 245.260518275 
493.998039066 -266.757945333 91.4893710426 188.462224772 
-1415.86936537 -146.066341738 -18.8578068068 -266.63288398 
-984.060091737 94.1313293404 -98.2924573536 -219.22345493 
-1856.38604724 -273.769616904 -72.6925474737 -272.789496189 
-565.221342614 -228.101448196 195.694444863 -173.925200375 
-492.941119766 -104.828602642 -4.62944613382 -67.2118790733 
1047.06467318 -3.19446553814 190.431521869 120.483504297 
-437.877662105 -146.055740174 250.657952711 -224.652136167 
741.666390471 12.9313513544 224.518491132 10.3453051393 
-918.953520808 27.3713408223 -264.01924478 -45.496000692 
1364.16566749 132.726799908 284.822733584 61.2803560755 
459.462358281 -54.8733701626 104.332519023 64.2800783815 
1148.18335676 261.800480988 85.0572052701 92.1640596899 
-1320.07457365 -251.224573942 33.4971759987 -229.764515018 
-461.7841077 -65.524725294 240.031874365 -262.466481304 
-1128.36944824 -234.768264277 -258.028184794 29.0450877247 
680.441610464 95.3601683789 -29.4365712726 144.42097707 
-94.3017628087 294.508828115 143.241830634 -278.332275058 
924.076389987 32.6729485392 -65.2228498209 263.758285513 
1162.8020724 -116.340368875 111.995553021 264.710568791 
39.4374695173 -299.224972626 7.12389454076 154.166592625 
-1540.8753206 -230.107103323 -13.0941161195 -260.168347132 
-673.133370297 -203.150222159 -149.844039295 45.4820506528 
411.907354396 -121.341247441 90.0721612593 95.8666320619 
-683.635637113 -230.803685832 -16.3615062866 -43.2474831968 
-875.73669671 52.6810518873 -180.248902877 -110.329192075 
-1766.70323336 -282.211456714 -216.058063107 -138.488976761 
255.249556917 186.671069956 -147.324862483 80.794156871 
-1337.80800668 -255.352562363 -79.6514484313 -146.953833469 
-367.838483293 -35.5830556312 -109.840576104 7.97683058912 
614.511900511 273.58388744 48.684209139 -19.6946669697 
-1418.91161564 -193.812379859 -150.451978074 -144.961214233 
-482.422451724 35.6995805633 -78.4182448098 -79.8212412688 
696.926232438 141.287237446 -253.988359856 294.302945785 
-130.189466025 150.012667512 8.87745843707 -114.306335796 
380.562850962 -81.4959955593 21.2489993359 119.812983927 
-1200.84728439 46.1728838074 -175.902119115 -191.299690537 
-846.406684553 -73.520938687 -15.9857506799 -163.003079435 
240.52559622 -126.660929655 -113.246576378 208.152346016 
-123.170390582 -142.18275596 -269.91444096 242.510122384 
868.458015674 202.732297311 -102.497182577 192.762028385 
1292.38891007 230.232802034 -58.3169197446 251.831922418 
-1303.41276113 -81.3760249932 -119.711653784 -195.555752365 
-277.243530849 -285.453104863 136.637487235 -29.0984207958 
-525.822191251 -24.169263252 -118.508327115 -30.6380729514 
1493.72901063 206.893439904 35.1271091392 243.485521158 
1666.62129033 64.9909740208 155.989950583 267.194018156 
423.319892516 -93.7084942179 266.559521623 -47.2767027271 
-983.558974302 24.9175636111 -174.783133396 -127.427589599 
368.364341016 8.45891818092 -23.4411875695 105.256029458 
463.261667669 229.114617879 -249.692780714 188.734682377 
643.921759267 2.36134551622 2.74679078261 157.863527934 
1772.47006398 -63.949118337 263.398260902 277.501521161 
-793.280857256 -72.87498218 -200.700761172 -11.4360756584 
149.154495789 223.10854575 -297.034207839 148.402790289 
-1217.12516737 -166.348936899 76.4252220644 -278.416054137 
-234.501143359 236.975650376 79.3887995765 -236.872084944 
-1178.39047925 279.19430746 -215.198122073 -272.975025406 
82.0791051724 186.878282502 -73.1793132539 -17.9008613964 
1252.77266647 299.007177592 136.211957856 61.3756413062 
816.901809756 137.14248467 -42.3903932539 167.38365107 
1235.42036133 238.498314883 43.8865851965 156.654094365 
-597.146805105 -299.82486635 -107.301580973 80.892019025 
14.7121902551 -142.68103639 -216.319865093 237.222189755 
-635.277127491 72.4749341281 -238.54321582 -15.986863556 
891.674901955 210.471447533 255.963544444 -74.1933588664 
-879.637057799 29.1417725244 -268.383530112 -33.4005545315 
1520.11807565 183.006786524 132.553557328 189.110349983 
-783.450347001 35.991056561 -69.401132041 -161.752402762 
-577.375947984 -75.1168330087 143.450308277 -214.494578918 
70.4379122571 -85.840456542 75.4028381719 3.74262049242 
575.664156146 262.366366816 131.111961837 -85.8003791106 
243.441935707 256.513875945 94.0970354049 -137.78429721 
1656.24366299 280.68020314 241.748235637 92.4724403587 
-268.415559331 -272.89998654 -244.141831052 252.389469971 
-1282.62852305 -208.642879199 -281.936795543 -5.01903561153 
406.804614843 -201.100489583 145.755808355 92.8214299585 
-494.240578302 -101.929107367 -199.794986927 77.171450246 
53.5840887265 -177.094949093 158.807552574 -17.3650205267 
457.662870555 221.478107535 -141.925358162 110.293400678 
-806.832153489 132.962576965 -153.276754486 -153.286790927 
703.70649967 -90.8866025831 127.240692733 125.818779601 
2021.01312647 243.712190173 290.840704678 165.275134534 
219.065376786 -196.215054791 -144.214546543 260.79904148 
1530.45533857 113.972841678 294.146596908 104.994574342 
598.640515314 127.492558808 87.6305696546 19.9807513451 
-1238.05619393 36.1171343896 -269.571193015 -125.612353558 
-869.406391879 -270.019125017 58.7430097643 -126.375628307 
-962.014745054 -163.19079157 -217.388296215 4.13558740612 
473.111615562 171.084070231 -49.8208119707 70.110311138 
-635.863105248 -27.0027213011 -256.247653972 46.7798709403 
40.6092475526 -58.5832571948 177.742013596 -94.0824561755 
-110.22560291 154.349814946 92.9893353909 -174.524165601 
911.494842769 172.965925316 -57.1751472968 184.036502434 
-163.703979245 -266.734818918 33.5385195682 67.4735937791 
790.913547002 240.094867731 267.029969259 -122.536152966 
32.0975685308 -116.513047663 79.4188728526 6.5220440227 
-346.784076864 -122.089125671 143.581720233 -133.276168325 
-1293.29873762 -52.1941489505 -147.054047749 -186.702328612 
-1767.12242735 49.4225315338 -259.450303566 -272.005504164 
-156.201096692 -245.478417096 -122.809049161 175.819977507 
-64.5952031777 -265.185859229 96.7903203089 43.6357967798 
-1662.4346019 156.355967406 -294.838577294 -272.806069556 
-1190.30257788 246.685486423 -287.40468571 -205.156403372 
422.493745562 196.51493905 142.969123701 -100.110615894 
1256.84552826 214.942801729 175.242750216 75.4419185851 
-622.107966172 119.081743849 -296.170805303 6.82568594241 
-453.696730204 176.85621449 -261.409113088 -5.92150435966 
653.279288225 45.3349870949 95.6129094721 68.7339421145 
1189.61641428 -37.4467976915 106.969362839 236.082723893 
-737.45260755 91.2323252502 4.21170912492 -233.287281835 
-312.805303281 66.8247164798 -173.213901526 18.1137406484 
35.870155374 -94.9184126602 120.046850026 -33.7640541123 
59.0041900059 220.725936576 -88.0517702004 -29.7141223361 
739.81930299 297.390937733 -102.087342822 112.611820867 
-938.624465484 125.927843483 -252.523657385 -108.393942218 
-1273.55237885 70.0890204016 -270.868312003 -150.109723627 
-101.950863009 -72.2071592867 168.136991404 -115.403410083 
717.285164505 -18.9736493295 -119.708661601 278.535738082 
-0.8244698828 -243.30213676 -171.695548907 250.396129177 
9.32282537395 -90.5354910759 -40.8235707104 78.3818135272 
-782.568632904 -15.2027072074 50.7787808827 -225.893628117 
-88.3860617088 188.313837843 26.2407297709 -136.090943524 
356.039667656 85.59929441 -289.945000227 263.492585175 
-371.761220897 -281.282158274 189.209949975 -94.1923546092 
1570.98543656 161.283155645 17.3945590825 299.227103652 
-1080.22532849 -145.403943996 -215.420420999 -35.7514395226 
765.319999191 85.8369877978 193.56955767 3.29361613 
815.025370372 176.714721943 122.247869948 23.6795961817 
-578.706908276 -16.1708550471 -70.8952577179 -83.1709701789 
813.524509193 -288.951178251 105.284062987 269.006908653 
-427.664994993 -267.544589842 142.037024734 -79.7862996295 
1211.73816031 13.7328258202 64.7363217396 247.711453034 
321.353374034 -99.8099352325 -35.4512458177 157.063453275 
1305.81352606 220.41020463 -65.5827947933 265.402976156 
399.364444375 100.44174185 1.27630062539 48.8298702723 
623.992417462 106.893987839 111.51528733 18.680944079 
-1472.98846206 69.5788174266 -192.858354651 -258.497717767 
-839.016496582 -298.631044933 35.4502660745 -86.9066488575 
-163.331933443 -176.688064057 -84.817153764 111.005571261 
-865.725818007 -199.87128229 -222.182574067 49.970194815 
1605.01992899 236.480686047 240.516244806 102.412213846 
95.781233506 -168.248804201 -80.7822099529 168.406959092 
-421.852235302 -274.909920234 -81.2082252649 93.1282271974 
-892.791219702 -288.060779511 -184.673725558 59.1874300923 
-445.766767769 -117.364954422 59.226191625 -97.3443362713 
887.352903569 -278.359070834 138.642552925 256.895831797 
-2139.03273751 -96.9027777351 -254.420816414 -295.719578075 
791.855709515 -178.631960941 286.822968298 72.4067482036 
-1053.61619479 48.4984514847 -237.879568665 -109.368437984 
878.948390655 57.8965346159 220.367973931 25.7590189504 
668.247553712 -131.883276976 115.261638996 146.699073226 
1271.97409392 42.9929650696 189.41047514 154.617303324 
-1758.62450941 -88.1229394329 -261.449041642 -199.406983739 
417.320192418 47.041052488 -62.9839493312 128.092066545 
2336.23666701 277.83353782 211.51378441 286.422005444 
-1250.39897675 -75.5281016918 -261.592334955 -78.8678263992 
-177.201385356 -277.431080586 154.962362137 -21.8639575252 
-1402.85164671 -55.331458499 -275.789873423 -116.344814096 
888.247827533 266.742380772 -237.90848008 267.103320242 
601.051697603 -208.091334928 -24.3707151325 272.559033869 
661.495239049 27.411396169 216.320814429 -10.8030966881 
488.003915975 -69.4989188491 138.170156899 53.2295655388 
-1124.06889162 60.7161438841 -120.311180745 -221.322467952 
330.830130097 167.485345004 -22.48022141 15.6871063532 
135.082081034 37.7419033327 121.160090266 -76.0651182081 
2108.74628548 100.659467385 243.679347442 294.21435136 
423.97958092 30.5806776924 260.140146044 -104.406930612 
269.481337174 191.896378775 272.513537377 -233.177786204 
1330.28918849 -66.2675751257 296.289906288 143.37342226 
-648.986545922 -213.850239756 -247.582740615 130.20303971 
135.22283506 80.2151539926 -95.9647007675 65.4908302948 
1355.83894497 132.227074708 68.3910945787 221.677330811 
217.46916251 5.6753478379 20.0851208693 36.7055681939 
-968.906191783 -53.6263188143 -15.3070971458 -204.061297136 
1646.23453505 287.842768277 179.757890898 132.90566483 
210.820496819 -179.616684969 240.56394413 -37.9205035786 
-894.697019124 -141.594853911 -119.724506724 -63.2330658618 
-1530.59243632 -48.7218992494 -111.576516421 -274.464203008 
-620.542312061 119.456868821 -283.127266741 -2.41254866466 
-839.078367981 88.3806637271 -90.735422986 -185.706974027 
-1112.34873734 156.153275899 -84.7600997741 -292.601464753 
1194.01868499 -70.3835293413 78.9940634044 274.365372781 
589.141431742 272.672827619 -176.895232392 143.70416673 
128.371021623 203.536414994 -74.5805564773 -13.5232863796 
98.9253348399 105.056742793 -46.9087217548 7.29033810459 
-295.140806277 256.868072503 -252.241933393 -13.118984268 
-795.377140234 -271.963931607 232.751638835 -237.29488707 
-2271.99159959 -215.600744537 -287.558104423 -244.438938482 
316.473711259 65.5298556004 -271.80935922 250.156122634 
-952.295873334 -106.180735919 -188.442229788 -43.5435419761 
-181.591372968 139.325253009 -10.6010480826 -106.984369792 
-458.879921136 -53.5891952772 268.745052315 -289.64545232 
-2110.38140587 -288.615543039 -168.573932854 -256.631858382 
-252.765351464 -276.667854967 74.7975261842 18.9277087657 
132.883688039 93.8579117464 45.7393235256 -48.1480073435 
1365.620512 103.433012814 121.013941836 198.780420232 
-314.064613464 125.238353231 113.794562062 -226.564145614 
-2160.28841409 -286.335800741 -183.739154903 -259.161579218 
863.133465329 242.292802049 -64.0617202914 142.839365607 
529.727910809 27.7059171718 191.996515487 -25.5356001015 
707.834076443 272.977115762 21.8564916538 24.1092946375 
-9.01297062133 -223.253729971 -94.8429790247 180.449823892 
1484.43797594 -176.256359107 230.243006815 286.607088121 
-888.71976411 54.3302011415 -192.645761986 -104.728535774 
364.573237581 266.949900823 -175.758984247 89.4845472948 
-1862.7385392 -180.86411405 -162.752059969 -253.161538972 
36.1151773598 14.8067128645 248.120723879 -184.676431442 
-2432.48053522 -276.16609986 -273.617485116 -264.844201182 
287.274602839 161.842024364 -225.608529798 159.922372345 
727.163459228 -35.7977009343 251.620684525 11.1164384994 
1340.02638344 275.936842387 265.564345801 -2.17258162904 
384.462881611 34.2861515316 128.629195918 -17.2883916082 
1026.4445274 -242.554682511 154.168418276 262.120030665 
733.339826842 -54.9081015628 41.2545403461 180.034132378 
878.160512187 85.5188354649 224.640885767 8.1355328059 
-990.438563647 -176.953707827 137.525246219 -262.50091033 
56.5599214263 164.559881232 -146.727761651 41.8911169057 
-1300.96017821 -22.891713636 -18.995529087 -299.654861547 
-723.630767995 -103.217204934 -232.074484244 44.6425060916 
63.8331655452 38.063872659 -143.218161522 104.302734779 
331.61813169 -123.872700607 73.230576208 89.8011758793 
389.726341284 9.37444406663 -126.98727053 187.88925511 
364.045959631 291.133384062 235.208020841 -231.10825896 
-579.052040723 -2.86425629355 -159.466842643 -23.8153688599 
-1694.11170701 -245.352181238 -207.684561573 -144.861214821 
644.830647213 20.1562375099 47.4365326317 115.702827089 
1885.21887582 95.4263005038 232.122022928 249.551069211 
-803.324963936 -101.5027565 -137.07155501 -47.1549766354 
-1275.66517544 114.616660977 -248.259202905 -189.873865751 
-1217.03711328 105.968782189 -254.283835627 -166.54864593 
-1006.44357941 214.156570181 -265.56032977 -159.432437829 
1388.29493106 85.7395369913 161.956293981 182.884534707 
1018.72481326 -45.6791777616 152.583452131 163.071655989 
1688.45911666 168.746452423 162.576963226 215.759342971 
-74.9078251833 166.806839124 -81.8112170777 -40.8361825662 
-1263.6618398 -129.201997243 -79.9107349577 -191.142574642 
1644.46537591 215.805044688 171.77459071 174.505552744 
-536.485442562 299.19579494 5.09226711284 -287.398971228 
1437.63052588 277.667238909 168.478461926 93.9654970439 
992.868768985 279.751014391 261.342799246 -87.5507237455 
190.453918899 13.3485475285 -194.324062452 186.465753448 
1187.58792728 -57.6464294793 86.6907785587 260.721099422 
1291.39602255 55.1591321597 118.324854458 206.617121719 
704.493348044 204.466311472 -144.516239851 182.054632701 
146.550807441 -263.636266153 120.283799225 78.4234314272 
32.2560097059 -153.471547659 -124.235220315 177.84693585 
1858.15066611 145.171829328 202.090183473 240.284961991 
-955.599841224 -190.876816899 45.7493413255 -177.53322616 
247.127359414 2.20057842162 196.304603102 -86.5477963421 
499.852996997 -56.8019245361 51.9876513652 114.554949052 
-1312.59243794 -137.274296319 -141.76729809 -153.279969701 
701.915749178 77.2275389342 241.528685771 -44.2548698931 
-1573.84793405 -269.781452452 -268.03663545 -57.6101680302 
1129.12349681 -47.8714057258 182.898027057 169.212474069 
1042.9850205 295.621006429 -166.741714763 238.136747487 
82.9241636882 -58.4842745886 -199.526547117 199.809756284 
1.49617312697 -35.4920487114 -60.9755462839 63.8023978355 
726.285535057 -100.114155439 284.211475708 18.4129777231 
262.414006732 251.559796086 290.993415871 -278.661637995 
-876.349565442 -132.0395812 -128.216781395 -56.893448482 
648.217865757 -266.475679861 99.604335182 220.608913381 
-1286.21809737 136.196808906 -142.338685699 -282.718493417 
-606.685669003 -139.229182556 147.59800504 -192.590789187 
1353.34692515 182.036267421 17.7923937165 233.735637516 
-1364.34000948 124.835875765 -261.714063178 -207.463978687 
-869.434042891 -146.478806905 64.2506248734 -192.130749055 
-478.095132261 -60.6923191553 -247.010415853 96.2577006928 
609.248879295 5.476432782 -15.456943223 161.372051439 
813.578239611 -228.897621504 102.026883307 241.216965472 
1885.41915318 58.5916855842 189.485566489 299.903328956 
-62.5262729559 23.4822001798 57.6556349391 -70.7813851659 
785.511266281 -149.076562077 257.783130304 77.6951009276 
-836.519314213 -116.754580052 -79.4787820865 -90.9278932083 
389.57607456 -145.543389323 -158.828795072 289.332415149 
-151.123855295 188.333588788 -269.988849471 70.5114899052 
-583.899767331 -283.077123316 122.164764292 -96.2787549441 
-378.166960626 73.4930826066 -235.523861452 45.3099635403 
-2148.62956137 -248.626649284 -259.71659573 -218.069360374 
-483.839176042 -41.9787162123 21.4944955006 -115.858288278 
311.447815295 -174.06026137 36.4590346828 137.365671866 
550.290453311 125.188615714 -54.2669118271 115.891435613 
1010.4031431 93.7472891076 -21.5382407615 222.024727124 
261.529321496 -9.82797561049 -204.116506006 223.214237909 
-502.949708616 35.788507634 -256.209661389 48.4072588795 
227.563666237 246.513590295 133.091472546 -166.200974114 
728.104599046 -81.5913488794 281.112412835 12.0501361431 
-1237.71800979 115.924874271 -111.505373064 -283.881470028 
-951.513203456 -111.192723499 -58.3414810304 -138.617702351 
685.903267881 229.77758551 156.920817886 -61.0170925399 
451.324387563 166.242437738 -124.068360819 122.755513154 
2086.77268802 257.619363872 232.828416539 218.278826219 
-279.998207421 127.882337025 -67.5695100866 -83.4046876072 
830.069596952 208.827901615 -75.1238798914 159.669307113 
-1096.50975491 -156.07561263 -258.569022129 -1.92537151576 
-47.7757450229 -264.603872441 73.5837048161 65.3351046429 
-1268.53445581 191.294851567 -191.918294822 -269.087389851 
1927.15822574 258.569370802 225.627154904 183.414150215 
481.961281895 -157.35657635 99.940464251 124.158889605 
958.940751928 -32.5269857482 200.641888169 105.739959341 
301.935914273 -30.9685661145 215.72722757 -70.7072127742 
-687.623069137 106.77411089 -146.902596095 -114.931774968 
1622.23852081 83.9211462098 270.214255339 160.72268778 
300.498833405 54.243238805 101.491351836 -27.9077908183 
28.4937470676 -270.163602779 214.637493709 -18.5964997724 
137.139464086 165.258241964 60.0137119462 -93.2195737913 
-236.617657342 244.827302078 -235.093335215 -5.20497597696 
1571.83505822 150.568330265 236.038602934 140.860381385 
-1070.13181411 260.6862352 -162.962374841 -275.79165067 
-845.583148447 -184.546510263 212.467308265 -278.505234799 
-350.509315366 -122.558225516 220.954201397 -191.99530228 
-1063.09114552 -57.4805943065 -123.554943208 -144.379621212 
901.06009632 -253.044874165 120.561424293 261.350979387 
-275.589256226 -271.01910748 79.0327466084 7.33079803648 
952.080172135 224.228463171 47.8453434521 89.797992309 
1072.76105031 38.2359655022 185.119934224 110.03360291 
-368.131623894 -194.542545116 113.261125138 -79.7712741993 
165.410669146 143.929204852 -71.9998946422 23.4844837612 
176.977539009 88.3599585791 -158.690113612 119.186054679 
1261.34314645 -144.679242263 233.832750273 212.206651417 
847.007661847 19.4391432994 106.265896727 122.167901576 
-895.443459139 -69.0821929835 -210.077140512 -31.657975715 
899.432965298 -275.479019042 212.682500502 202.939462439 
-665.255555431 -159.807223209 -160.113342026 33.7639127406 
-2486.78545323 -274.835728153 -279.009379184 -275.243735838 
-1350.38179463 142.899629398 -263.414797387 -211.40230867 
18.9716053409 -26.0954268697 227.544200343 -153.025005346 
50.5116076178 90.0939315986 26.2614114487 -52.3255665355 
559.742509484 279.227071685 -270.796870553 203.317651206 
-133.504720237 234.679062725 -273.062098181 53.9947947785 
114.87400322 -135.439973721 -158.983957197 215.877610234 
596.922723362 162.147215453 -113.659459994 153.181366721 
-1443.50419499 216.108903648 -226.686639798 -298.861038924 
-1043.80359915 -161.648073523 -114.72604703 -94.276161819 
638.466935732 244.12777974 -104.354153654 115.828951725 
141.333730367 164.610019556 65.5742546561 -96.006691318 
-611.366724384 -117.08238208 -60.1060364453 -49.2352642619 
146.950425136 -9.06284532447 -52.1506035793 80.5360550301 
1204.64716163 244.387909323 207.414391805 23.6332202541 
-1372.14670892 -120.308096077 19.4778951252 -297.713444237 
-941.915941137 228.584673946 -207.527936323 -194.34063822 
322.243654554 40.9763901639 96.0627251717 -11.9190240291 
-517.267945445 -224.228534089 272.608066969 -221.850535533 
561.585223221 -144.329041029 -55.1023348227 253.838263524 
-469.552616546 200.771898652 70.5143467475 -270.519051001 
-701.917495222 147.7774958 38.2057304872 -277.974124879 
606.117645713 45.1581740353 20.6911661674 113.529572381 
-1995.66905679 -164.212165101 -233.207289963 -241.674243971 
131.179716211 154.758731966 -174.156135681 86.0997344574 
-239.718361198 164.03196354 164.043181509 -264.966406672 
-1158.62122606 -120.844305324 -248.960739976 -42.4117424029 
1046.06160273 -5.5763571847 31.495316741 240.915903534 
-926.853427552 -249.800904749 122.392714574 -198.480423098 
-562.241497049 -298.361704873 42.2424887231 -23.2740288866 
207.727611689 -82.8090218493 -167.4574594 219.060775491 
142.522331274 56.7308092554 1.55283854976 6.03767301359 
-2247.17374706 -146.575354987 -288.887113221 -271.775564087 
588.103696611 -118.01549498 200.864835421 55.4852090713 
200.528214522 -130.563925119 276.330994995 -91.9275922003 
-475.824742619 -213.630819392 -251.902122811 176.58457528 
1068.61087877 156.264442949 264.49722261 -9.14899960728 
60.4582826407 33.7755191211 -232.22312207 172.271796981 
-372.556896537 -18.1344471907 -175.6930433 47.5164299473 
886.559549671 237.782623187 228.069919251 -68.3992713522 
951.209930983 -0.74035420877 283.212473497 26.0034867058 
-322.528278743 -4.99821141526 -161.159537248 42.6906144431 
1173.7467809 -121.670866017 259.091157433 159.985195947 
476.565350409 24.1788570891 -223.356605567 274.681926141 
962.776483028 168.480982058 -168.662986511 282.810925171 
-686.163041448 -258.200189132 -57.6502528868 0.650908461971 
-1091.91050487 235.498062277 -228.298305044 -219.448269616 
-907.384627141 -23.9009498165 -43.0179669962 -182.853208008 
-506.359333863 -36.4634634401 -171.348980234 20.0893164151 
878.899020701 -254.632352396 297.62944311 123.74755347 
-289.679526616 265.371141993 -96.426675831 -132.752575207 
-766.966052853 3.39347293922 -19.9435609862 -178.543419606 
-592.774159856 -26.8179619885 -240.599082719 45.6520982595 
579.271794721 112.492912064 -247.17476865 274.017570911 
-425.948928392 -279.072319009 121.156512815 -57.9369804832 
-762.575853367 160.154772636 -191.504145526 -127.286111563 
-1465.91328042 -200.801387168 -53.6440882729 -225.614728061 
-1085.25950736 -164.850962565 -59.6874324004 -144.29434253 
-245.89018426 -222.825491526 274.120277324 -155.597358946 
468.943837668 -235.275531869 122.316974706 142.958645698 
-527.938905374 -167.374136057 -105.062053639 30.6909089254 
628.377279053 196.984749327 120.144777424 -31.4100612635 
-731.714438449 -236.49613591 -90.1698641105 2.99864752519 
1597.73386236 96.1027766076 104.620982467 272.981262932 
20.2716958598 -132.781271754 227.603291715 -99.3344888179 
-567.368141703 149.207109568 -139.577937478 -111.74209667 
-576.108033063 -229.624486555 -253.86976793 161.313450774 
-894.943209167 10.1334658188 -22.5745440742 -211.988671403 
-994.519083026 -97.4744203259 40.9783911649 -230.812409879 
1061.69631761 10.7177780673 90.0366619367 192.731109922 
984.503259647 -2.74838228359 75.2514671225 190.811683561 
-330.532853532 143.728034996 -115.103476592 -68.082007356 
-1179.25635647 -275.772163021 -263.27770109 40.6617247888 
640.30625138 -11.8323847631 106.814029055 86.0247252527 
-1626.92761397 68.0209036779 -274.331954682 -235.218700736 
1775.39865073 256.926996073 83.9739899747 252.451579054 
-850.177048338 -62.6865373326 -63.0132641081 -133.73454779 
656.719571445 -5.17096366425 287.743910574 -48.8998362936 
-1065.86592862 -76.8024233708 21.4050976143 -243.973728193 
-742.215915484 69.9432376003 -165.839713764 -96.0618793277 
85.8956789243 -87.6034657791 -279.017548431 274.308956793 
-966.692824919 168.759315151 -178.779633241 -191.793398737 
257.609240318 218.391446343 96.7387301475 -117.127231897 
192.497059519 42.3087238549 -52.1810823739 66.3492035577 
1758.42414549 111.058022625 123.329582082 291.37623056 
-993.054382217 -278.843035464 26.7085836274 -129.11245522 
-827.420915326 214.953183291 -126.18049355 -219.47424033 
1072.4357146 26.8799109755 21.1021641148 238.836317704 
434.982805795 106.776514697 -4.93562764404 59.1905712673 
386.249440715 -14.1591850092 117.076294755 15.7698720587 
-1046.35408186 -114.564589633 112.371326061 -288.746689135 
-732.315727995 141.333702739 33.509240322 -278.718870846 
724.723938084 -219.879566894 102.356049006 214.223243568 
341.647122719 -46.5926511388 105.954971553 29.164895277 
703.567100814 -295.407229556 120.89591682 232.970316442 
545.840724245 156.691676638 125.042505592 -35.483420413 
899.169384375 -238.220232833 85.5613244282 279.828952588 
1128.82253195 7.70335990326 56.6574773366 236.027379714 
1138.04138547 114.922682644 94.5874213217 156.219354048 
-772.191160172 35.7767126123 -207.451902491 -55.1401999292 
481.266998738 -113.81227892 -45.6012634971 211.557226 
-490.371276741 -48.4426224803 249.219668525 -285.48937049 
829.785887713 231.580819174 -250.538960981 279.698403855 
1015.00140243 228.556773473 210.792220478 -18.4612202361 
628.558467208 226.8498138 56.4576818672 1.47536521625 
1580.14069204 273.649335122 -2.70136153312 260.130135757 
1679.86987158 78.1391447089 117.152325472 293.08088167 
-935.496970801 200.352694912 -258.766726662 -140.042608591 
-295.456212305 -284.957474531 -145.358839825 177.555817242 
-526.454231961 100.347721491 114.204758406 -267.647722776 
662.082986385 126.917899584 18.0345929306 88.2908355995 
1428.68204306 -81.954608848 260.440733688 202.933211492 
-898.3006663 -244.110412185 73.32209802 -157.270464912 
426.283603493 181.404381489 22.8784391608 -1.24014317756 
758.723638432 108.768943979 249.520691698 -51.7754981206 
1180.66698428 266.392462683 71.9473825892 108.067042006 
220.574164464 221.608693404 -247.74744279 130.177168823 
484.225102829 267.046708326 -16.9877923628 0.164221212414 
150.777840536 39.7488781143 -218.639451134 181.936533744 
619.215509047 104.62966552 132.118747183 3.57457974759 
728.209336303 -167.137235063 24.3211794679 247.421358556 
45.6786733811 -169.354068005 -144.940875964 204.677750901 
194.314098459 -172.066107108 96.020141329 62.4074848123 
-570.665842424 -127.984886341 -253.796286315 111.780130918 
-1332.69406876 -100.399894512 -234.120122645 -107.328581315 
-601.610883194 11.3929378072 -56.2479862624 -113.878272904 
-89.0478931632 54.9201750544 271.376573307 -253.021045261 
-352.11897926 -102.076458085 70.5750183238 -89.8733072412 
-448.248070383 166.783941877 -166.02643031 -70.91161064 
1093.78309453 215.850216882 246.097523299 -18.837129035 
1086.79903482 168.405961909 -91.5404327484 256.300935907 
1143.71618192 297.615939894 -108.085714109 218.114363552 
1644.45816546 13.6710408709 202.400739951 252.44074513 
372.458735287 242.2798748 145.913547524 -137.438024847 
-635.726569173 129.30163921 -234.257915558 -47.639533327 
670.216293743 -26.8149237902 182.900409607 43.5736670662 
-306.810861773 -4.48853041111 -212.7995777 85.1899991265 
130.58140067 30.3966865021 -169.230588121 144.151087915 
534.751405556 159.04890938 131.713949599 -44.3904474311 
1400.81766385 78.2831800642 77.1663447737 253.359120693 
228.130363889 168.375493734 100.221058098 -102.253007177 
231.433993497 45.6502175523 -162.686396892 157.096335305 
157.885321099 -6.01285025414 -107.699499199 123.438474004 
793.601775009 -294.868334627 194.518373337 199.913242227 
96.1240099511 177.475606363 -56.924048773 -22.0452412815 
-789.498424541 -222.240132101 -133.310561814 13.888863168 
-92.728134966 -115.717804368 73.8229993215 -20.4744309055 
435.191609874 -245.752111161 49.4534073608 194.788172048 
-1656.04061819 -77.3920781155 -216.39998134 -213.138996558 
1145.04286915 -11.8458326725 104.122711757 214.145877219 
-618.267143118 -134.488098046 -113.365222559 -2.17365542334 
-55.0471802492 202.761118262 141.094015718 -221.045714758 
-44.733677223 -81.5775111397 -220.788878692 195.059848847 
582.614086322 -13.4374999324 79.093434338 92.9203317475 
475.954906318 80.2683523228 206.237514594 -75.9013607105 
184.005672806 298.552821056 198.953139742 -252.600304574 
-849.904123814 -190.914106076 74.989182421 -173.507241023 
362.557579847 -139.487872068 -125.698669035 254.84822421 
-472.877612514 -30.1968828262 221.969355163 -269.776310851 
668.002020108 215.685211386 -155.403785534 175.944047036 
-119.43610007 -242.322052955 -274.869429597 297.471267271 
1017.15220107 -16.9980529402 102.422470589 185.974472161 
858.239327246 48.5540818104 49.2739115924 153.500031851 
791.96530953 223.885167004 129.434088022 -11.1335034127 
1187.15997994 54.6646429744 179.010012714 135.045095739 
-1518.94509004 -198.229026339 -146.605533524 -170.857952693 
-280.444885421 121.785879906 -135.252733582 -29.411411431 
888.674158246 241.267363553 -219.384141831 266.005591003 
371.453599286 286.900285658 221.367644508 -216.482808712 
-727.240785234 -107.676151123 -280.801453304 82.6808955588 
-776.908588908 143.956577617 -2.65867800363 -264.346883337 
748.725251219 226.60200923 34.9453861662 47.860436203 
1106.49738779 152.628622951 -61.9206692495 246.79564343 
-1322.52871602 181.410109924 -299.828376949 -196.611364471 
1186.50642057 78.9466083324 -42.6146376827 288.932528305 
1485.49068122 -157.363996233 226.786423058 279.968970728 
55.9687006747 4.49436071199 -123.053039572 103.937957394 
-2073.92315651 -71.2395629897 -268.415648302 -281.566618087 
1363.87783126 247.210522533 -91.7500631031 286.291655932 
-530.899796765 17.3063891759 -125.914703305 -46.8846792258 
-708.081606107 -243.545564516 -116.28594362 31.914127336 
-908.241679742 -190.210606785 82.0244980236 -193.60498712 
1178.79766442 -87.8260582793 249.219952462 151.897844565 
2053.53567774 285.015214929 286.064685473 156.226329314 
-1330.67546592 -199.440813679 -264.328631387 -34.8862010944 
-455.225233125 -182.320633565 149.993523006 -134.91670363 
-1355.05942759 46.6246603718 -110.508938995 -278.961603027 
-1290.81865847 -259.520513642 -198.462484181 -44.2129566287 
152.583536571 113.737704603 -3.13132724931 -16.6157085954 
-683.904412191 -171.15297701 173.884906374 -215.669723876 
-1178.66262788 -117.826500815 -191.268636865 -92.1465231114 
-1891.18734704 -121.841672899 -281.6777557 -200.651202348 
158.396387477 -127.442278477 62.2857591397 56.7087325797 
938.584862588 230.54287584 -73.5363336178 174.724266425 
-1452.26569278 -160.792215289 -80.2200766764 -222.627745394 
1738.21182689 145.071775562 100.448609313 286.468392307 
-1304.18633867 -54.9572375515 -224.595997556 -130.288464143 
-1700.43076267 82.6750119868 -262.991009782 -269.305654525 
936.847588997 -73.9503164099 11.7702490081 262.128928987 
-967.408630347 39.4456458914 -61.8384857152 -215.134319316 
-405.227761759 239.668668979 29.8835113193 -243.459411097 
1650.60899324 110.44507529 104.690505287 279.085958836 
-841.055067497 22.6354699803 -120.868549652 -130.951304659 
278.550923949 71.5937323423 179.035158392 -100.262819147 
-79.057341922 31.577711059 8.36816305464 -41.8558369353 
-750.37899573 225.871686121 -110.871310611 -217.240243302 
839.115179611 66.5504473264 229.457249573 4.52322177019 
1179.98979213 119.335639231 161.970029313 113.694648528 
26.9165170714 41.4182337587 280.108419602 -223.954163138 
256.562467987 101.829310076 -185.61608432 152.59565848 
-120.020719386 -214.386719611 -106.439917742 157.179697024 
-745.091963306 -10.6273582188 112.459128359 -265.277104787 
-24.2145073005 115.878607456 145.644562488 -173.251654241 
408.578149078 -297.373671518 66.023286675 201.258061761 
-840.106045457 -182.84663626 -250.044457879 69.0331046097 
-866.707433487 202.003646191 -32.4614470537 -293.265186491 
-185.46622456 295.770110437 -286.718376723 20.9111727405 
452.636563473 43.0650320989 170.068781383 -36.1597171604 
613.505950965 114.976612206 -271.638876357 299.712914264 
-1455.23587993 -194.497325711 -8.00106183 -260.489020113 
-2436.37898967 -241.721255097 -276.96826158 -280.443901385 
964.626881464 -286.921430775 237.368342987 206.515790148 
1925.50381045 299.831147372 104.698488981 253.054006297 
308.695710586 198.542515219 -201.285720935 128.795537368 
1034.77601087 115.765403093 -68.860715833 252.383701825 
-802.99841686 140.07957331 -282.056899644 -59.4284132275 
380.508904607 -154.016951936 -152.994505674 286.648813756 
-357.411852471 -223.808606461 87.7702253607 -43.3113338098 
-99.67626799 232.520887518 151.311411874 -254.829094694 
-1488.38599702 -111.223727188 -212.344793989 -157.130940134 
-209.82908332 -130.940006487 142.289751386 -93.7049532227 
543.584640309 -228.792566584 -58.0000878713 293.779091897 
-929.338834554 78.2059126145 -74.4982711352 -215.746679527 
-1183.71687613 28.7786212542 -234.875745776 -134.345593112 
479.727267605 94.2943250131 -268.649082052 274.285502202 
86.8308807146 132.146407642 142.430402616 -150.977153544 
861.778756375 288.133402278 129.086116255 -25.3514580139 
1304.02726837 -171.385003064 240.152169528 231.655361241 
-215.362218642 -31.0050249946 -60.426004232 7.20334073385 
-453.861439429 -127.917017681 61.2173614339 -95.2500357007 
345.142749864 -46.8873635624 -234.844494692 285.923090028 
175.052409123 243.950382212 -161.606901077 43.0410407006 
61.1494971516 169.196317793 51.712665762 -107.968533869 
819.332756503 103.27133417 -179.682149494 287.736238113 
-237.365923861 -189.123534986 290.924060785 -182.882166243 
1005.39775439 -132.916083569 261.435016405 121.723949646 
261.846417249 193.017667382 154.630054156 -146.877575022 
-87.9837042933 -239.645040692 138.993879656 -6.56721380236 
-852.762607475 14.7320777781 -103.779990522 -142.585487336 
333.302113642 -10.8106096078 53.9692366534 48.2402392274 
-629.950125639 88.5607328656 91.7372240442 -270.496683279 
769.111283427 82.6173431642 223.276135477 -16.6903282395 
628.754000245 180.778077064 114.190168789 -18.8019504195 
227.143497259 -200.241463994 110.149008458 74.5121368055 
-1059.56401151 -278.664853102 145.2512885 -234.603422739 
807.765069668 -112.026913796 297.701324396 34.668752045 
-1907.23265417 -63.7885899742 -260.783619518 -249.230505507 
-1765.36964912 -237.739915783 -136.086183103 -220.330194524 
-1186.72614104 -280.869848154 180.101142287 -291.096306409 
-111.390532648 293.969170717 -181.582873743 -38.6627650631 
-872.65026043 -181.068685219 154.662529791 -243.724197998 
496.857618349 108.965480698 -116.91810928 157.223132872 
-233.64265529 5.34503028479 -159.278105642 58.5251765697 
287.974640487 -162.364018929 12.0596222309 144.362664468 
917.088040426 -297.114399236 239.122611442 198.484850801 
-38.256156832 -145.933744748 -191.891521682 207.277111118 
63.8484871432 -31.5315060979 -36.5956138398 59.3876740623 
780.44877444 13.0259107897 33.5088886964 163.628497975 
-708.107819946 -267.305510921 52.1183274497 -82.6522842789 
-1037.0689368 -206.107730122 -238.225876817 22.3202793852 
655.239146405 -10.9046029576 14.4997008546 158.538160151 
672.165294019 159.92188443 -227.279097457 258.679006401 
925.239975831 19.1962728176 58.7795473266 177.620628037 
872.446826516 -111.049488487 65.9928320924 224.223640467 
-1962.82943191 -104.704197757 -240.436516003 -258.113673048 
-6.16016539215 148.658885437 112.275599656 -159.85370668 
413.914907001 -153.358136228 25.7309744937 160.956434349 
-1775.93586302 -37.5181996601 -208.851458985 -268.651793436 
1553.98101056 -134.889412091 262.917886885 258.688406765 
-2008.71713437 -254.907044306 -238.692868206 -195.934366678 
-1545.19494654 -156.858496302 -248.202617357 -121.89254152 
100.199364799 -239.752602953 154.07265644 29.1530394161 
-378.823065573 254.429824897 -86.2376501143 -157.208044217 
1008.45184958 225.905846491 -67.4537105752 189.73785177 
-679.278838568 242.084507941 -175.45852102 -159.041065461 
1345.60768073 241.869862478 36.1630419874 188.15472932 
-1509.28052816 42.035748995 -252.9466486 -208.538209842 
178.07251999 251.907408204 127.012471338 -176.849047017 
1295.95817726 -16.9999439155 197.708906204 184.418224605 
978.411804915 -17.6994932012 -29.6451963633 275.758929155 
-851.151630074 -298.626877577 -148.077627619 47.75089598 
-778.149553822 -107.62258863 125.460354746 -234.598869729 
647.494448231 86.7701440221 -208.739167749 275.05215596 
-1177.30222559 169.279473671 -245.288885495 -194.78455709 
1038.33491554 269.349360052 59.1219002472 80.6169525581 
285.391510397 -255.657016537 289.716169308 -18.2333834909 
394.715562564 257.338426572 -177.603858922 103.214057842 
-372.12464589 -89.0795868908 -7.66275891533 -42.6056311372 
-69.5640713123 -296.498231634 126.679883201 35.6297859181 
-528.466484308 -167.807101037 -233.910198281 127.22582189 
-531.813533579 -163.214363879 246.639865935 -236.11324638 
866.602360258 264.771404614 115.975116662 -2.93420686671 
-938.780354048 97.3937902091 1.33179855371 -284.196091185 
-201.651749915 180.469207429 70.4332550925 -193.628601326 
1333.59531263 205.461286633 278.58098291 21.9747171296 
-959.425235832 -98.5853034993 -154.437698458 -74.9244711731 
1866.20436006 238.549704366 72.8434796714 292.87321964 
-38.0399919478 30.2786450683 294.743273507 -245.784032616 
312.219778019 183.657828626 86.598631706 -78.7477494242 
-169.711348142 14.6554791203 152.931788762 -164.247047898 
1327.42042051 146.103135329 129.971430957 161.219779394 
528.747144031 219.133509283 183.136637408 -114.929243596 
361.841093851 254.040543143 -184.493183476 101.65284298 
1018.02712675 220.731803244 -85.2090974516 208.106849283 
-1062.37366226 -291.422146589 -181.359021505 16.0169528883 
-1.85950975943 288.29453193 41.7006963515 -175.694387227 
-598.93304414 206.505051608 18.527667219 -266.869007324 
-815.98502048 -95.9776547336 -44.51236933 -122.800365759 
-1310.96374757 221.413509631 -237.16437924 -260.548295456 
-68.498011092 109.213561544 -176.128432629 60.2885347035 
-921.04265731 247.501991304 -134.579237545 -253.010479915 
-1104.39127624 -195.418512771 66.3243018058 -228.267571596 
481.465701559 24.140789734 95.5670990264 36.6164155568 
-1109.10189274 -198.199805847 99.0791705138 -252.633181812 
1393.67055403 281.204654078 203.925483537 54.6651567342 
-34.1247591476 -292.477282557 -188.659631108 279.225734891 
381.630555741 267.141418779 161.352393511 -159.088176704 
-452.539778154 -280.388666283 217.274456771 -135.856274524 
-1483.34151628 5.00122116457 -280.921511878 -162.68840252 
455.19062992 157.154363384 61.2126517932 -10.7568884673 
485.148384679 -45.1757203874 274.233891057 -61.6149809372 
812.612925212 84.1102967294 142.533268351 54.3170294551 
401.224171496 -8.43831457951 231.479362957 -69.2436668226 
-568.928979258 219.646092364 -123.093905436 -159.869824636 
-845.351284306 23.7159843243 -144.884646977 -114.567151391 
734.462686121 173.672088533 -239.209967156 276.018197442 
-34.6249940218 193.523904783 163.439739427 -227.866775332 
-1271.0592427 -134.752869003 -165.984972059 -126.094347367 
914.056881642 -35.9074773732 206.713202076 91.3411022183 
242.695736647 -135.704819838 -6.34764263231 133.274156748 
-670.548046314 -154.956991393 85.8924605712 -154.408490979 
41.4577646148 273.309272913 160.694460622 -246.808364015 
-974.700924602 -150.228128359 -17.4102857771 -155.311943728 
-993.071024989 214.330760207 -80.4475552215 -295.150732745 
-1497.60177431 -128.4472969 -16.870851058 -297.34661195 
2172.21404577 218.078033852 227.764537461 263.237339609 
1616.84199451 285.502666467 278.907910483 52.3732030653 
-288.89797319 -196.846185609 247.12239482 -159.277904652 
429.005304669 172.819608802 114.406579736 -65.0287787348 
-351.48826339 271.339955474 -156.019043934 -106.724216494 
757.244508284 -218.890261804 114.394518649 212.733911063 
1502.96567331 292.994561831 108.533191325 147.83892372 
480.691502913 286.955302021 -290.902639729 195.043142907 
-601.818115398 -45.3393801593 -129.71041907 -30.5878201272 
-522.408340093 242.299685913 -110.222245899 -168.91907548 
-999.538152276 -176.114997067 9.61784106012 -168.889857408 
-463.70989925 -124.611341722 -269.625123547 148.58910263 
-579.070183354 -137.183240389 -218.488031589 87.8676649567 
-17.2834581442 111.938720626 -131.8022883 38.4650893826 
270.979113534 53.7680194248 -122.108214463 132.374603137 
123.684175521 -96.4093695825 -130.7480533 177.374141673 
1432.77614607 35.5504156369 141.499950397 234.421627342 
1541.78261093 205.044402495 69.3380982923 231.1512049 
931.468716203 -68.5383174941 94.9316659083 195.783277764 
-1218.54531592 -135.542227189 -244.962317588 -53.090970916 
537.868951547 237.723569564 153.972723394 -100.006869722 
-474.761492896 -77.0907494258 -108.190130887 0.932421688398 
-1440.35603507 -236.159412074 56.5109486817 -284.430786223 
1062.85637623 255.692383595 -174.905497567 268.964641346 
-478.635173928 -289.093618812 110.63026089 -57.9554739464 
508.009277151 74.4631455373 -159.25874184 209.271388236 
953.519471012 -5.87942757467 265.988243969 41.8673033719 
-1394.35887531 -25.1301866796 -208.752242983 -179.354389403 
1308.0430026 161.189109122 260.126305104 51.5179501983 
1603.14359338 -127.032005894 246.179600599 279.902334268 
614.471801779 -84.2276981269 122.337091126 103.925054861 
1586.49677861 216.806210301 35.0857835008 261.822544501 
649.305110459 34.467335807 87.1457492838 79.8897500469 
1689.4903021 299.975833573 137.243592548 169.246324789 
-546.148560024 167.709762574 -26.4362968214 -200.480657757 
597.584124632 173.70644808 260.930250303 -133.276437884 
-879.771684528 9.69968041444 7.09792537005 -230.106393525 
-454.417894729 -215.856769624 2.21648119369 -7.29692718938 
1382.908086 43.1765782205 94.635476348 253.190704441 
-682.783698181 -13.0252194515 -246.322718594 20.3355279586 
572.134457697 169.320024013 -74.4797378246 114.306419772 
797.346416154 -3.13737900127 154.340720626 85.3606659214 
-797.88489346 -189.734275986 90.3538057145 -172.500270464 
-80.2468579918 67.7286413695 62.7799100977 -101.096769193 
-53.3444595937 -266.356466364 -215.757347289 281.564292335 
579.478474203 -289.060875216 139.677874983 184.479398598 
-1264.53067934 -21.7758435427 -83.9794208163 -242.49224303 
-53.8125526565 -250.485634476 -122.325368498 203.287894239 
-988.095976085 -229.160125906 98.9209327196 -206.619741685 
1193.11356776 -109.162929448 190.262481081 209.983180021 
-978.127337162 -112.163006265 -156.632706765 -71.0405759475 
-235.818607922 -133.31419628 -128.490621334 104.254676311 
1428.82804784 -222.163017336 251.819093982 279.282733868 
1242.90317198 -42.4672699136 164.640610067 208.584497107 
-1317.50741543 -276.217459366 -104.624130344 -112.659515495 
419.622322189 293.773322094 -276.5839343 165.217889999 
848.490197091 94.7848136474 182.572538897 27.6561167075 
634.141348541 83.5245676638 152.619154036 2.21820244001 
-280.409689973 12.1724330901 76.7759102564 -133.999734486 
-610.424655655 53.9339297279 -90.4270814536 -111.87148799 
-1200.84631074 23.2804405634 -114.063174298 -226.34657748 
-150.556939659 226.543882509 -175.880113306 -19.0845255766 
-585.394312077 -196.412685447 -87.11345046 17.3802183867 
189.394769475 -20.6841961004 -199.802094255 207.654409819 
998.96560634 103.249071687 -62.2317031318 244.821668653 
-853.963576917 -281.077008427 128.537807393 -169.220926576 
-790.595935092 17.386521626 -169.513036668 -79.3054408556 
-1532.957366 -131.651007134 -36.1039621953 -290.192878247 
1570.22414433 95.6920944121 133.46903859 244.767068511 
1136.86043044 233.038775051 32.8294084263 143.096498488 
-1092.281891 154.349379717 -236.977952572 -172.287048914 
-421.095318156 -91.963667235 -62.0749073391 -12.6252269855 
-292.984832703 43.6539351456 -185.802510484 44.353411943 
-1513.47329096 -240.490040511 -296.172932461 -35.8795991007 
-1743.70702547 -60.8743765354 -158.230485486 -286.65188064 
73.9984758241 33.050449948 -77.6457503987 60.1632450174 
-461.335162939 64.9537482794 -189.593956164 -5.73952559421 
-55.6310165607 -13.2113396578 190.004309075 -149.792271891 
-340.614318797 -15.1905725243 25.7739387991 -96.8633914787 
468.831152064 128.063314741 -74.8622921744 109.221894899 
379.534541397 -94.4671491577 -175.679674823 273.889095705 
407.429720625 256.030665087 -295.882076471 195.900442196 
-596.376489357 -2.57598358051 186.899526702 -287.791556978 
100.258250162 -72.0941664242 122.977603731 -30.9847208853 
845.090972403 227.636805037 -82.5878290092 159.472132607 
-281.156600573 -203.366552232 -60.735944446 76.7689147039 
1420.23416789 95.4566291103 208.075998923 151.034166901 
255.236512105 -188.011494806 -179.182900449 292.369045548 
-253.763195459 260.473314437 -78.930935585 -134.538578903 
1230.23612249 71.1961495256 222.879871567 105.029824291 
1092.49193017 121.444211122 189.51681256 70.2581969924 
-378.536727343 -144.53813852 -43.955112745 10.850706017 
-1659.19979624 -138.571807212 -286.977014804 -130.074953085 
1218.17073204 -58.222423103 174.091164021 202.914724408 
1164.10991358 112.553477441 79.0176446725 175.708854739 
573.755631666 249.017787454 164.140041355 -104.382076694 
970.715295401 106.036362132 291.852082087 -29.3676465677 
-868.906107604 144.254424707 -276.162808765 -82.0338160187 
-250.835387003 172.43073901 -121.272828635 -57.8625941506 
-1001.84970783 26.9358715962 5.9798401756 -268.339702512 
1752.84600454 249.52067955 77.1188189235 255.607619584 
716.697506126 29.0725765743 200.937086647 13.8449519565 
-324.050410897 224.448230455 -31.928724988 -169.134008752 
910.02781834 -123.386022387 68.4915950142 237.959472237 
267.655833384 188.020245945 -289.713606932 189.966674914 
1702.72331617 -10.6518812507 188.716384561 289.419494658 
-1290.59665688 -115.391145159 -82.5883963232 -202.939827204 
2069.80163136 168.908834658 272.474248716 228.668251486 
870.87351109 -244.212543671 241.032455117 159.286919996 
564.418669766 200.879427635 -125.978333016 134.921624089 
1136.53106366 -37.2442913881 282.460499283 90.8170655174 
182.722382656 -107.451861606 283.35049051 -113.01218532 
-767.176259689 -107.860377658 152.183649656 -251.991416875 
892.645785203 158.43302316 264.794391013 -54.4251591437 
-102.626732919 -32.016105906 -286.402033841 205.175882127 
877.829231231 253.534405457 108.413017067 11.3508798687 
-344.397608469 2.1110119387 185.001656896 -225.891487659 
-361.210087669 -60.2086458984 244.483877187 -243.646978997 
582.23662901 -92.1155753353 -74.7087468475 247.704546963 
-601.413010063 285.770190009 -0.609720734063 -293.027786876 
-107.169647656 295.682426439 -144.784073809 -66.1243438257 
195.332306468 -23.3575419175 -119.009800996 149.873009808 
-231.012278074 10.5089022479 134.713718106 -163.989787948 
332.796633083 138.290553771 111.907304196 -69.9097188521 
-105.665673242 -7.00105149409 -110.013706536 59.6058780886 
-1893.83242671 -296.288306026 -101.427797469 -249.002868476 
-126.867106622 12.5353484921 205.084051999 -191.728175402 
-150.692267844 -88.1100776758 -9.6280055031 13.4176559459 
-803.863279136 -202.971430144 125.434111542 -193.393327517 
976.94266608 -277.896964732 273.694632839 177.757685524 
-1218.23520539 57.1879116641 -217.468314519 -169.967962418 
-700.892563726 -88.3274037481 -78.167620912 -72.6086225808 
39.8524141331 218.480691632 -265.653959988 100.102157275 
593.410866736 -63.3011197481 297.131719994 -42.6817610308 
-216.503754231 73.6844216023 -8.36221232229 -84.809221216 
-843.183026644 215.331610505 -281.469444097 -107.32422086 
768.824457648 -207.501510327 191.304489483 152.686727463 
-331.142233985 -158.881563631 117.525954848 -91.2663406696 
720.443776327 -36.8515674747 212.417376054 39.2607236079 
-788.396626665 -255.977671124 158.890880827 -188.096989447 
816.985496906 287.774350165 261.347009186 -135.407558629 
-573.247653251 115.776734393 -10.4076671992 -193.22784054 
352.263635742 180.079360872 107.689288935 -82.9544697528 
711.926629014 149.602750922 -69.997023553 155.484060145 
-978.443348786 -78.8512202689 -199.452887613 -55.7409259234 
830.268549663 184.482686398 -188.023874174 256.302511501 
-1992.08300942 -208.454201664 -129.994802618 -296.349327293 
301.817600518 97.1026856417 -212.914816221 186.60511022 
-1139.30564113 11.5823665079 -14.3657687355 -279.962724402 
863.164590838 -237.091285824 51.9220596719 295.501494675 
768.362085158 -254.503328385 215.581438308 157.847993217 
441.997560155 245.796040557 -217.383374236 150.60531584 
-317.262972816 -155.361916448 -258.707146212 192.545090856 
-2088.87372393 -289.03703887 -237.623167864 -199.30786241 
749.472254067 207.462095129 53.6831381222 43.143416467 
732.87337065 -292.92284066 93.9086527375 259.062845227 
-1035.32550902 100.516384828 -170.791453799 -180.898884335 
-777.994966618 -62.2237442098 5.15540662233 -167.043478688 
287.032593932 195.246691254 295.154864291 -247.18144513 
-151.578137902 284.907135849 -177.415337602 -47.0839816276 
35.0355178145 186.998375031 -200.708539267 65.6431871092 
-1005.33320983 -169.741935081 -292.611656795 52.8141944277 
-253.430644631 -8.43318211418 141.232685417 -165.271602698 
90.4097236366 187.019259801 1.08509171632 -71.7462190675 
2019.51846491 184.20372304 172.458655396 283.467598838 
331.320005915 -258.447514431 234.392086496 36.0190471337 
381.832049485 181.904099856 -179.342382694 138.980553004 
-151.478389326 113.839209962 -179.485457442 39.8861484802 
1974.97516926 216.171412909 147.337342971 275.144244834 
1084.10978427 -129.324637776 220.955553588 170.083217835 
1821.08068417 174.636317811 219.349032304 203.495522171 
-412.035457787 -173.673284586 -42.5748356125 15.592471259 
394.414565826 290.615141981 -177.756892552 86.5967389558 
-395.255706662 57.5195354921 -270.615513594 75.3748101071 
425.793171185 47.1263708992 -199.493522803 232.329556533 
-64.0496739182 -255.801080281 51.3033750828 73.5368665798 
-731.022125742 -93.4766502303 -95.0163876646 -64.68536379 
400.883606265 123.296296316 -290.258578845 256.450901186 
587.191511238 122.600298762 23.6189422096 67.6095581902 
665.047693092 -81.9139006185 247.21622002 21.8955838843 
-970.042267165 -38.8889458115 -259.331251761 -28.5692715508 
-848.190017099 -20.0183937001 16.2897168126 -214.263998095 
431.442520504 -240.372158501 134.676940951 126.999201414 
-283.687820906 176.1711742 -54.1343859229 -118.516184788 
841.282702842 -286.423444027 188.072520997 212.447731529 
-254.398087018 -292.748016806 218.614550275 -81.0022652609 
315.636152184 139.528879623 -258.418324712 202.76768941 
-774.813684133 214.760659056 -125.526525231 -207.029904317 
2021.80631046 276.036325903 253.553302745 177.508234279 
-868.525716516 235.929222627 -236.190127057 -157.858726408 
-370.636649428 7.73153434883 54.5071250808 -137.480270701 
-312.511480339 -118.794296077 -99.6053249954 56.2181214298 
1207.40553736 -42.0408102085 32.5742385011 298.564644216 
-290.331974264 -85.7348077659 180.306263107 -164.902520186 
994.813925411 -140.765680228 92.9186237697 249.421534748 
265.111083459 -180.51929671 49.3013051392 119.670184513 
411.326929574 258.118695372 201.430929414 -177.374086936 
327.845636709 -109.072039686 103.948361389 58.4167037732 
-5.63904936389 234.095795368 -134.412913404 -17.5417157246 
920.013239152 -283.179492082 291.743422472 152.933359188 
590.118720635 242.837996853 -206.689812845 180.970561028 
-1147.4196298 -46.9522793615 -182.43677085 -126.526770276 
253.388465633 -217.423026034 200.999835439 21.3348474759 
829.387926837 -127.956641018 292.941077151 51.3723092171 
299.165183192 269.214118584 64.0105023638 -107.724585507 
-577.971055917 -186.191214627 270.866448907 -254.649309464 
-517.094244591 -131.261197447 -104.424183233 14.7993617177 
791.600469183 199.540421257 -204.846607935 251.542719225 
1165.63939778 -222.628918563 273.802315022 197.618988076 
333.434277409 260.258338119 1.28760449667 -47.7393216986 
264.387359 155.70150493 186.882655516 -152.116683884 
-151.312321693 -31.8195835084 64.4233308617 -70.0924249639 
636.201623443 167.971264245 -90.3934918723 142.923370047 
596.960754564 281.008839783 82.2640646064 -53.1614796079 
-466.285467691 141.698059884 -239.089197828 -8.07649819757 
-108.444367648 40.0588708714 297.628736872 -270.21793578 
-1054.82102726 -258.360725121 77.2406521217 -192.418263886 
19.8016416756 117.043011582 224.289884059 -221.541446738 
137.618941135 7.07948370066 242.625174456 -150.882878319 
395.530811657 26.0344410663 -241.194145807 266.914056044 
101.081287167 156.158940863 34.2898608682 -78.3070592222 
-101.033784196 -24.9838869647 16.0429320667 -24.862371649 
-2410.45780768 -244.430930088 -296.356816409 -257.901143514 
1344.58933659 -135.243252401 234.010791913 228.223638667 
-260.886477485 -124.663630444 30.762873402 -26.0847785964 
461.581601386 -209.626971986 213.603181169 60.1502870191 
720.248370289 134.500825941 262.94373354 -84.2914187624 
1210.60537475 105.800172293 268.465371851 48.4917716766 
1502.2044582 -231.730219798 277.557447708 283.121558253 
-1763.20196936 -194.612112752 -220.283409571 -178.393140366 
-399.256860737 263.438107598 -246.673938785 -46.4039148854 
-516.347692152 -259.9481599 -101.23041846 76.8203559602 
-569.167239067 254.941322535 -100.375076368 -194.711556763 
-0.71584809008 255.493537144 -210.227842381 29.5514743267 
206.827004336 -42.573381432 276.473108938 -134.293611898 
302.882260678 -222.121471932 190.939819383 43.6459064627 
-379.637433009 37.9440880796 -186.121882846 25.6403120885 
-840.263200161 -119.16983748 -285.554264478 63.8142436904 
351.259396669 284.862660788 214.877169627 -215.797332753 
-904.848842821 220.686480957 -198.576714373 -187.701948994 
-468.566147895 -13.1468901176 -6.67290692865 -105.776416323 
827.352077345 -126.324955354 183.640455198 132.47637207 
951.244413581 221.59750024 -92.2919086992 196.067645008 
-672.437381737 -28.9778608618 -152.274470633 -39.2697983651 
-182.531493318 -124.611814036 -10.2676841694 24.2385091626 
12.459797357 118.557327575 82.2501348968 -118.00846744 
-587.555441337 -173.726403746 201.73410171 -211.530777778 
-360.402912029 -268.81095551 229.946248432 -128.354010464 
-61.0090680337 299.041311488 159.073714459 -284.111356886 
-615.701204379 -16.6692401425 -293.907649723 74.6978372731 
350.59898754 -97.4684582623 -146.269764778 246.062157757 
-1205.68407049 -192.004358413 -26.1203794014 -186.008628397 
-756.314291334 -170.568438302 -9.32394310696 -96.8526080328 
838.409046624 183.163495 -80.4775133258 178.613068163 
1125.9711028 259.552315547 -182.488454323 288.391929276 
-2306.51399855 -289.942017111 -286.52452446 -217.001999722 
684.521320724 -118.603469179 3.49176809391 227.734573188 
348.725922468 0.301993426026 278.613970373 -122.067050799 
-127.388422989 220.903473329 -64.6754720792 -93.9596543216 
-1527.89388154 -283.869358544 -110.528835184 -157.018074918 
228.114169895 252.445542337 27.1719042943 -89.4008305172 
-277.028080911 -215.655243964 -97.8858565278 111.922993183 
-421.85127349 131.875187607 51.0498386406 -209.445077619 
524.642067521 -118.709475821 -13.6169509172 200.637924231 
-1429.39561423 176.757866037 -207.306320841 -290.091593494 
1001.18309499 131.881658215 -32.2154157701 208.570862244 
-55.7360760147 177.005070602 -106.638685974 -22.3360429991 
-869.600564084 48.5758849677 -45.4548414008 -207.655238366 
-1360.18546268 -54.3262346807 -281.257415782 -101.915338372 
-511.194140689 -119.375623041 73.6090759063 -123.157440415 
-656.81328346 60.6778955253 -34.4271312122 -168.89944137 
-1441.33065442 -108.162716986 -12.790665702 -296.464299466 
455.087641804 82.4589058067 -24.5881491457 91.1257700628 
-366.701295587 133.456405946 -290.746000803 59.9016313927 
636.767447944 -34.0032973609 250.672490904 -11.9596360878 
-989.23852282 72.8024494531 -178.6767427 -149.480728154 
-1438.85463764 25.7055821442 -243.822681762 -189.796064287 
-930.537491207 119.175723349 -9.25128646327 -285.347635793 
-443.787657996 -41.4485920684 203.815008212 -242.876658756 
-811.97227022 24.962805254 -167.396107389 -89.9653990632 
27.4737629625 -140.123814188 276.411153751 -130.363177558 
-60.9714170648 -261.38025586 127.300932135 19.7233590122 
97.7184252185 -261.44987643 124.27465009 61.7803836654 
142.95446468 187.886595851 93.4036515184 -128.195727546 
1058.12487711 -253.227455463 172.144600424 262.057031412 
982.084827481 -73.556015498 82.8300877574 220.174904722 
-1925.47667672 -288.351755448 -244.053866531 -154.128731853 
-1140.12132789 -234.48106378 -28.4640341657 -146.27212796 
806.064993383 -8.5044908975 274.754254269 -0.0822233490896 
231.838505185 39.4075424848 -186.803332181 178.120004302 
425.852098978 -45.0261009605 243.531547507 -53.8733270792 
1123.93389856 127.317573565 -31.4815649765 240.833055002 
-256.967181183 -196.8063648 -206.902786257 189.133693176 
420.420589389 -218.429084388 233.221461689 39.2634070275 
-733.56329104 7.39798396686 43.4641707062 -219.471116411 
2155.81481365 101.727644957 286.840832482 272.761470611 
1198.17814814 230.004095175 50.9044739924 146.15331239 
1551.1183825 -32.6940442033 288.435401394 187.591571959 
1054.13674577 256.110609431 73.3151912762 80.4376696041 
-614.912312942 -217.503515258 266.741629943 -245.051497409 
1213.65336433 -33.3219237305 114.112816928 234.392749819 
822.767121618 102.021474202 -107.263064905 234.991330811 
1344.0961254 157.880369745 127.078213956 161.865543688 
-39.9814115788 200.980633811 94.7418068273 -181.779669366 
723.068979942 -33.8927891443 90.5739318083 129.711850045 
1555.07093636 213.869890192 88.3683360728 215.697918949 
-995.214764821 -235.458321224 -38.7560527576 -101.833846674 
205.344086278 -180.758818764 -56.1021226472 183.843097624 
-1599.13001956 -85.4377173983 -162.440676585 -235.417084393 
991.430769979 202.973602159 -173.507555213 276.552349024 
1061.65790942 83.1549671163 154.701620333 107.801002508 
826.493570059 -73.6108793151 292.082879131 24.2273239204 
-447.469013025 -207.058088471 109.883289254 -90.7599632742 
1666.72142588 52.34488339 286.039480258 176.219984004 
-279.859805529 -109.381501624 139.589811154 -119.724246729 
667.209870501 232.904459118 217.776126023 -112.963856514 
-1152.47025426 -232.04910396 -245.283003395 11.6982060349 
316.639192531 46.4345023242 5.69049159425 51.6736143497 
768.758903727 1.02526946528 35.4472507979 164.928684702 
-217.601701965 139.052400312 119.49578885 -213.57623684 
-648.161100425 284.972334309 -166.479702679 -179.687978049 
24.3896303347 -284.901262878 268.356459305 -52.6942898007 
-951.756794784 151.928107882 -48.566539217 -277.231783504 
-447.965297164 -94.4395446135 -77.5910375845 -6.61389712821 
-245.69047421 267.342845511 122.07760381 -286.431189922 
62.6465395137 125.838004958 187.796826659 -188.162572116 
795.01916986 276.144863806 -42.5904918916 92.4082401075 
659.739958664 297.996325633 34.5181392588 -9.85037409474 
-1410.09451033 -194.346800519 -270.023090191 -52.9823033932 
-536.425174636 236.84257668 -227.506075816 -81.7157593556 
549.38243798 160.632641195 246.96999302 -127.954266426 
-251.910377002 -94.8456178877 108.442244205 -96.6781992713 
-337.159813978 252.709960752 -184.782145587 -72.1324340836 
-1037.55929975 -287.425070455 147.00861523 -225.912536254 
377.985401137 183.825284877 71.3599546563 -51.1592762047 
-1517.72038823 -150.970420418 -93.9783995533 -233.595376875 
-22.3117614341 -61.9752422075 213.929748117 -134.846462083 
79.5459627545 -15.5291472737 -255.938193403 219.52768249 
995.940888141 172.53567816 81.2114098295 101.903956085 
-1093.00487203 -0.460795272722 -125.699544086 -178.658588 
1300.91702935 192.989103175 9.3063371829 221.740658216 
-1888.42040837 -263.401684577 -89.3190432736 -273.4514258 
232.685870452 292.510768124 -257.676193424 105.19276398 
-1171.97606309 -238.175778598 38.0059342487 -202.371076765 
1089.35749778 203.461643666 -0.759562328876 171.107209014 
-2047.97404625 -142.820472732 -237.55916547 -262.477783939 
-1784.4812634 -276.938484465 -123.354998977 -214.923802071 
-702.661969539 7.39264252392 -54.160414935 -138.524029207 
-617.693868669 -174.736401475 -236.104827334 110.05622392 
76.8933644779 27.3864063326 237.106960328 -172.089156263 
525.952911596 -52.0779379789 29.6793767823 135.412205824 
626.363586943 -56.7715877164 -39.0249512577 214.278661005 
-890.038048378 -161.351031588 194.153698022 -287.534656558 
-1084.25449462 92.9310314414 -87.6471011076 -251.798396051 
240.684257905 222.264674564 -51.4884352219 -12.4039053223 
-1135.77901808 187.359882023 -192.436673854 -233.353069261 
-348.251404816 -197.655075288 223.853328252 -155.952845343 
198.470299262 26.5886497659 298.462231367 -187.719478879 
-392.369692419 -103.196601341 291.502326855 -265.055797592 
-580.291408788 -52.7959383041 175.54781738 -250.401838621 
-716.171793185 -123.886322801 149.721158672 -229.584439158 
635.910282436 -17.7785498962 273.2808237 -37.0002386319 
2022.99534685 245.273593362 274.487952901 177.388990047 
1071.01163366 197.718658299 -43.5122046512 201.674743743 
-403.63614678 196.198887169 -38.9791432862 -169.991124261 
-212.392241914 74.9882338952 -25.9795724441 -70.9531893556 
635.050278356 221.800512925 -11.5519301119 56.4711485904 
-63.7986081372 -147.264768205 -158.749832031 176.693310991 
983.38532472 88.5280385018 2.23160231967 199.789371046 
553.384653729 -33.9012916102 90.2658172049 87.8187383758 
-1803.13240659 -196.798345404 -106.789869029 -272.42136774 
-111.998173081 -72.6082383604 37.9863805881 -20.021691413 
-924.567430323 -275.750045858 30.0526321516 -115.914409483 
1374.7450778 21.479735584 247.45329289 147.507041466 
307.690819319 259.34665966 -198.216988247 95.7253846786 
-1412.51406704 57.7014233186 -296.97888139 -159.107026502 
981.88368521 81.0097309037 263.070082388 7.66973125917 
-259.740738851 129.525241333 200.117177904 -279.60979887 
-1345.42206533 -137.773766058 -165.683381864 -143.033880614 
-323.173649762 -223.189965461 53.7965934957 -9.44369536806 
354.440059806 105.26829105 -178.58798089 170.154625087 
-2157.85361999 -201.838939939 -267.010265556 -238.389545639 
-940.864354954 95.2942193053 -6.00461444031 -278.433516858 
492.053406325 61.5246551656 -262.793167949 289.132452271 
411.275775097 -223.584738308 176.298463903 82.3356572225 
-1784.38702412 -233.005877719 -295.814901028 -107.597470875 
-465.270521692 -80.5534603176 -112.12300807 8.0405871514 
-782.967435662 -0.915597998607 -297.832029769 28.0253605967 
-931.23240124 -213.593128333 40.6130832673 -156.470919273 
-122.481141625 -204.95937994 61.330294997 25.9943071557 
-417.015328763 -170.62491687 184.829397362 -157.659644476 
-122.476363727 267.020804404 -126.493110194 -69.0328264541 
-197.201819915 259.012694114 51.702057316 -217.708935164 
755.821060765 204.092867397 -31.3898967754 110.55839063 
1282.77477152 277.737128003 185.625695677 42.7256729917 
209.198455897 64.8136177667 -86.7171322686 84.9969102767 
1691.93609089 243.321173319 4.4277174387 297.761334768 
-527.820477982 106.719088879 54.1450607019 -225.85891935 
1880.23911039 255.217883688 149.910811683 230.098982246 
-164.490169646 -221.282316515 -41.6445120542 100.719047202 
450.664410194 8.90609049351 252.63538152 -81.1377878486 
225.464652174 130.382807415 3.73009049588 -11.6851872126 
238.738378867 -226.073361619 -30.8772425912 196.08686373 
-572.410320549 -180.534592046 -96.2511123027 19.5879532124 
2002.01593286 227.19821178 119.900569087 296.933255489 
-1245.3441105 162.183283778 -171.253955897 -264.163078661 
-1204.49627829 -125.414979888 33.5963213626 -263.75802273 
882.776981951 -287.088362044 129.006499808 267.470189211 
-1056.90707226 -45.6428885398 42.0426926675 -272.860266729 
984.488658177 -245.809425615 99.3271702821 294.40697183 
1958.94684202 267.351748944 191.961603213 212.299529948 
-1133.71723169 -226.945502143 -241.358072831 11.2757936223 
424.870854938 184.674574673 39.6892306374 -15.7641414324 
-80.1173592009 54.6296180722 -60.2750912447 -2.29183553384 
-1057.86808624 -207.748352007 67.3841608483 -211.211539455 
578.999698992 -191.126022201 177.241141699 107.279650711 
643.696301182 0.841997924144 -87.4221598746 225.934081051 
428.98314162 -138.70267443 284.656253292 -36.7577543616 
1168.22272818 123.605886482 -78.5267752241 289.182723499 
200.308132689 -27.8119703664 -250.893674067 251.940058997 
1246.42943741 181.030435246 102.169138684 144.34326227 
788.562596741 -109.623170813 184.320811977 113.624484353 
25.340589804 207.895008509 240.247576965 -278.002899585 
-107.080489815 -50.0313983161 57.1748976067 -44.8816994765 
-159.080054919 31.4437010306 -202.29729395 96.3109166478 
1038.81785433 -84.8855944994 40.035873487 272.014837332 
-1218.78260641 -238.653119802 -53.3730348333 -145.219825631 
-88.1673540498 -117.091226526 -47.9734119019 72.3988479481 
474.758705602 -40.4387628903 260.348262659 -56.4529340858 
954.917977636 -283.192118595 154.964701983 264.178990898 
-972.401220538 -170.037842373 159.679661322 -278.089189575 
654.039304123 83.6004270837 -29.8757228351 144.102236872 
312.170274176 288.844425535 213.399541925 -226.407616042 
53.1668850517 -237.439586918 122.892644335 39.9750838437 
495.958855978 183.924053237 13.8499045628 21.5227304938 
-945.706922291 -204.210032703 -255.805953515 57.5159358985 
-949.636892848 145.269726933 -298.466137235 -86.2010019207 
628.106892968 215.715885186 181.915215922 -87.4875391662 
-826.059089449 284.535815103 -246.804768453 -163.487007085 
465.679551004 -157.542574958 139.084251189 91.0264532708 
1442.85444923 12.34964692 178.222137468 220.791430256 
419.806661033 -258.214920907 157.654371877 116.014719759 
351.971719859 231.189701535 132.978352911 -127.549377408 
2392.44449318 271.549008141 281.007126855 251.72826599 
-486.318025738 -103.724380685 -162.003144793 51.8303444695 
-86.4063157823 -110.37227133 5.89607327598 29.2941924882 
-432.995339714 -295.813057423 277.623800332 -168.378599143 
353.643109785 110.859336272 298.243875514 -190.647990966 
1382.80304214 261.212518856 252.700532172 25.5731221413 
593.27325012 -150.855158404 23.5221645094 206.058719177 
368.079779229 -173.838550633 141.424403175 72.9515130847 
231.550610977 -263.272532968 -63.2353432383 236.868432988 
-172.533851861 -155.422816843 162.225260194 -87.1599618805 
-2346.87012108 -238.656613483 -281.299725579 -256.273113152 
-158.5828488 -136.026029522 137.01089303 -74.292601099 
241.989882093 -269.104106313 248.891035056 8.54908388536 
-1243.15843567 -280.301577315 -247.092173398 14.4918635711 
-1784.59188142 -13.9922828152 -213.779555091 -278.570174595 
-264.669861612 -105.637860705 173.736050006 -143.723280042 
-537.165164368 134.381668466 -20.5798948886 -185.877249941 
665.86841305 -220.939013427 17.8614318984 263.39307473 
726.909307637 161.701110226 75.6383917831 44.2302896404 
1481.37811903 -175.218476032 248.525806269 271.636545993 
1479.28085668 -85.2242338124 209.935199402 255.221343404 
-652.196456973 -20.3401186913 -67.2262646128 -102.579530178 
333.803626282 9.12453709877 201.774987379 -72.6163951983 
1104.2436607 183.174261464 -136.33693805 286.549092895 
-1040.65461242 -83.4302355411 49.0617578676 -255.399121976 
524.577260988 -168.580381685 -85.8826393523 279.89252051 
327.511977785 135.960790892 187.954904593 -127.069894768 
609.168146878 226.694151104 -222.68359696 206.061673874 
395.984762301 99.4181055124 -47.4786585163 84.7419509117 
-509.631736806 181.6230617 -112.025940151 -134.184069686 
-463.227844797 -22.1733701467 -126.393314655 -10.0302644432 
581.255018166 132.680473819 6.71190895268 74.0343667646 
-739.106551749 -237.46406242 114.885443555 -152.28859555 
1255.56369464 -103.023800429 165.417641939 241.371126826 
-1076.78049901 -222.737597159 -61.0783058741 -112.223494394 
-1002.22566178 -234.971646364 -298.837028941 91.1796815079 
-1283.75548133 -275.977464793 22.2381494912 -199.472609517 
1336.84126903 -98.3832322928 275.480015683 177.009180464 
-748.706806041 146.852875975 -22.9553621887 -243.2425912 
1087.02795348 -19.4851675291 199.990106234 131.614699275 
-313.656863224 -24.5806474405 -99.6710627803 8.65796712828 
-16.1637071469 -174.130919631 -51.9275252513 121.736613952 
-786.651395648 282.693870927 -207.597739274 -182.518432513 
-1092.18067107 -150.116684162 -48.8641157507 -161.172723988 
849.590217593 57.2699405167 -13.5569490041 193.84332014 
499.796630286 -7.87813821732 249.319093403 -57.8552497501 
888.126038934 105.912568409 188.346422345 27.8569516658 
1403.34253545 -105.367175567 186.413239171 263.462674775 
-520.424270993 152.078860225 -43.3533260592 -173.854350667 
-2309.52664477 -286.362759564 -207.206737063 -278.679141729 
-1150.20272343 -101.853150786 -145.570394495 -127.283546089 
918.425816043 72.4429147579 130.793294778 95.3577522586 
1021.41102298 88.1169687232 102.910228267 133.916118303 
355.90937733 -67.8941049594 272.913712379 -81.7355303419 
-288.425409452 71.4884706508 -127.522981589 -12.3050847264 
55.4417474352 112.613452903 273.420209078 -247.310649303 
-211.626370493 53.4608705238 -188.272557286 61.4421904442 
-121.431631418 123.554297643 59.4992473928 -136.679088396 
508.559193096 221.329576327 135.49226973 -85.3021560987 
595.957909084 -256.893061872 72.3664678826 223.17394598 
476.685995266 -64.1487027004 102.902776057 73.9912814444 
-1377.73300342 189.176733313 -203.368507099 -286.673381721 
-1020.37179323 -280.31842075 -119.011738272 -25.6813984795 
-602.44302223 -137.496552235 256.751643381 -274.245062663 
848.081158462 2.54839670171 145.682969425 101.56577485 
-1480.16028746 -296.478270925 -41.2971052463 -190.925318579 
483.220276736 -119.981813967 -75.7692303246 237.638402976 
-502.570241225 153.240772907 126.1788079 -296.708119725 
-420.669201533 3.76371125834 214.717069441 -268.111093483 
-215.761787709 -44.2927467651 -5.506285534 -27.5486043221 
-702.266122844 127.192355605 -297.433100613 -16.1409212908 
-220.632637251 181.778343339 95.2375905979 -217.622311008 
-524.613157118 -186.13078243 -69.4097700182 13.826942323 
-1034.16218433 -281.998328328 128.211225428 -213.926935281 
31.7586360168 -25.9440113425 222.189256589 -145.672780243 
-2075.02278466 -290.377428192 -176.512438817 -241.42900872 
-631.742244288 12.7161870282 -120.523916456 -73.7827756986 
1249.18503984 -122.68364362 252.733460025 184.116155354 
1390.84138766 62.0033824366 265.181781124 117.782242277 
2014.83950679 102.769140786 218.430702696 288.495522313 
765.543709874 -79.4442684333 120.951536901 140.507153664 
1016.36419787 0.981419482463 130.185595953 156.02195822 
-1815.44293715 -117.16208822 -243.613991632 -212.416165235 
-1850.47737081 -294.562038324 -147.463428751 -204.533100032 
1651.71093214 -157.24379675 263.832035556 293.870140313 
448.511489896 220.571639014 -295.500496639 223.543914009 
1618.13954163 290.308662624 152.650579208 144.986244409 
958.504448974 197.976993854 141.279083638 34.9064219919 
240.20719891 119.39097434 169.734940588 -126.774466123 
379.33367042 141.309604853 -163.974265735 146.987175549 
1455.80465858 -206.182002915 293.329553027 246.809301592 
-1054.04823462 137.391339461 -264.223405927 -134.15618135 
-516.1760284 2.31287089001 -223.869996144 37.4524600129 
391.259905745 38.0391013334 -23.5329276671 96.3615150928 
271.148462111 101.31298143 244.74498023 -166.578415059 
-789.605348793 -65.0074452193 11.2644950169 -173.252584716 
812.570747246 65.4462947026 299.053712816 -54.0713542142 
-46.7016489691 43.5693146351 297.261931629 -256.302866584 
302.333017103 44.3028850907 87.2533394612 -11.8580997876 
-1651.61446515 -242.406270465 -156.469767305 -174.171631677 
548.734370229 262.959125533 -126.642715577 100.759627504 
-491.600343923 185.623462197 -267.513057768 -15.2905338167 
-1003.91266314 84.6305571953 -245.574583786 -109.305768585 
925.582152304 103.215995182 189.683222414 37.672670806 
-680.133314157 215.471440964 -147.670063268 -166.859318672 
1056.96866296 201.260475104 289.33211651 -53.1787895381 
-501.415759732 267.522631647 -294.269740804 -38.3257529276 
463.802039737 234.813328283 -173.419149983 128.534987554 
74.488608691 -218.461109555 -47.2637547122 163.521259987 
945.139515175 -10.4386807147 138.802128801 137.264279055 
438.018289392 -245.006515457 86.9243890664 166.838210703 
703.327103417 295.707815195 140.96813306 -77.9516043075 
227.697018235 88.9285571266 282.034121075 -199.229530031 
472.99644724 211.090868996 110.071697355 -69.6899189939 
1689.82310173 67.4169754605 207.858878133 232.806745215 
-210.549925156 125.787427297 -5.03247988583 -111.602704749 
1511.94165173 241.016671565 39.5873849668 227.676628097 
-1301.59074933 57.581191344 -182.039185389 -217.558416251 
1152.98172194 122.350838405 -88.3244108444 293.157462616 
411.510666253 242.117386224 136.964695807 -121.077972906 
-381.265476014 -242.331660671 0.455106554931 25.7248325669 
-707.465802193 179.090340144 -98.5967869354 -192.525466718 
720.302353702 206.029180205 124.863222078 -16.5819979983 
-881.430614079 -156.610425848 103.331248237 -219.536366574 
-469.832724245 57.509831517 -91.7270022236 -77.4956403675 
-152.199796297 278.393918562 30.2123556173 -199.812459719 
830.331235847 189.637270259 223.523281569 -54.9984396228 
702.204970605 28.4811982031 -118.229671335 249.880995698 
-1261.65518851 -240.514952461 101.970136513 -271.401578739 
-1223.71967325 11.5276847729 -142.792797879 -204.634582245 
1079.88471717 61.4208243788 13.6071970339 229.027775299 
1035.34588804 34.9535875946 34.7751096919 215.099452063 
666.911632452 272.959456143 5.48868337775 26.2521753035 
785.235962038 22.6256889504 120.621268012 94.5837520026 
-780.04274882 -265.148829899 192.020675891 -206.435261136 
1773.93983695 275.044079725 26.6039965116 285.955912302 
295.775904984 22.7842086886 -192.366691666 207.071228717 
-2148.89214932 -237.428720013 -293.699388867 -198.08726983 
-462.466776419 136.691630506 -190.744194264 -40.7253659225 
940.431221963 218.464333584 170.867409636 -2.45000679609 
-856.54368565 80.0532561871 44.0399043249 -287.217805206 
-892.061320755 -183.639676553 -181.257244906 4.70323943796 
162.45845362 -27.8300276686 -269.919600852 257.17861911 
635.687297684 107.760085431 131.508978883 6.5778435506 
-627.657658924 -39.333439083 9.10311308105 -143.846994508 
-8.03624412186 -13.4737705813 211.662410326 -154.264687066 
689.711048581 62.9363276833 -137.010769507 243.536765176 
-736.966489227 -185.808748696 -122.042100552 0.0187546499073 
-1264.03834812 -96.7296862833 -38.7352295774 -238.475735654 
-662.960202364 -230.781443037 171.91477954 -179.437548118 
153.4106933 -40.581478517 106.868878304 -21.3050875341 
1141.20572201 -231.650680693 198.41220646 252.519217324 
400.952650027 -76.0446572454 -130.467032176 236.055520685 
91.4364025366 -106.279309743 -16.9856167572 88.5027695763 
115.072985133 -244.504429598 202.905597157 -1.16743088177 
-939.838166358 -128.621053122 -23.3958415922 -152.915051815 
870.61487529 127.882715355 273.605217823 -51.3336842003 
-1186.11901196 -86.0289541493 -146.401915491 -143.955696861 
1249.08036514 -115.167389061 164.396801906 246.727034934 
812.424487236 -267.516017901 161.539681901 215.898414394 
-75.5276590368 41.5440007136 122.223233689 -131.07852965 
-789.759929341 -194.375507028 -25.5374991068 -81.2123738948 
-300.506130249 71.0824359518 202.618701639 -262.709949492 
426.965848062 79.4886525443 -186.698898037 206.896038413 
1004.35434855 -9.28020196752 118.742903301 166.467647716 
-1320.06308005 -7.97834827178 -61.8008369675 -279.747922181 
461.48094015 199.0609207 -17.6808516238 28.9024518514 
980.524287421 31.2618601466 194.135252205 83.8975753347 
-183.440643235 150.721610303 -115.498440452 -34.8422842898 
280.139278992 -239.980730554 74.3986068396 134.304676494 
-341.607990669 153.373217977 -212.568018586 -2.78199529754 
-750.14993287 106.447073897 -230.132422064 -68.2482293686 
-514.993383137 13.7345663367 -288.321613166 80.8693726561 
1802.77338696 254.454938356 227.565473461 152.825984303 
804.509601898 200.113544933 6.53425475331 95.9430796847 
41.9349687452 -106.71189616 1.72499902929 62.4522300869 
-792.56998642 128.462409032 26.404373392 -282.165080634 
1110.01925431 -274.589011709 230.56852842 241.932540145 
622.31814441 240.293590868 47.1625403166 0.0895303348552 
1976.21777573 293.831175826 285.840211256 132.602668092 
407.931251407 -49.8501811666 278.467262124 -82.1059372519 
-1096.72025202 -5.29439838361 -83.339317611 -209.132127036 
-667.610767547 -273.258427248 198.972750962 -179.518116713 
-686.33333037 58.4256586468 -165.417817658 -76.732210095 
-202.625458684 -95.4104182963 -224.825179783 165.599376079 
-1798.39339171 -184.093626287 -192.880551072 -212.875462701 
-593.990626904 -21.8240464286 -210.367817901 20.2818653139 
-2234.22625037 -148.487501652 -272.901085637 -279.455336148 
-152.554775696 33.1280706475 179.753427305 -189.431576395 
-1823.0256282 -25.3127933503 -280.855885452 -232.55408801 
715.123976803 -209.08788267 9.20166801945 276.331945317 
867.737015496 259.204770832 -93.6600822866 157.705066049 
133.274045081 176.544683712 -90.8648358664 13.3180153235 
493.632100458 83.0419833252 -14.375837945 92.6757446477 
-651.32368271 -126.905008636 177.433069262 -232.543852991 
320.946347328 96.5455179971 -98.2171411687 105.78677036 
1048.38736599 44.7351465695 -35.389498314 266.32393533 
-2.15328939609 8.9892081916 -272.524952998 199.15276988 
-957.517139021 63.0603863238 -116.491179863 -183.746736318 
1052.65919891 272.443156397 -226.0931935 296.384825723 
-1463.13948575 196.539311734 -230.56644552 -291.058264808 
-308.514272882 204.092231484 -136.364087953 -76.8238784165 
626.571077303 60.657691252 115.399404723 39.893866285 
-121.117613248 155.711860328 53.8692211565 -148.74072423 
-214.92826819 23.9908192258 -157.027458901 52.2395861859 
-1360.25925717 -34.6316284077 -109.007498151 -240.89261059 
122.690963317 66.1726735629 -172.039497177 126.635841871 
301.034130852 291.926724079 82.5681622382 -132.738241492 
-1165.93170179 117.73049104 -286.906502102 -134.921480868 
1226.25724573 -17.4884140961 185.479335355 176.044492856 
-2355.29093425 -250.2414082 -291.544150621 -244.845749236 
-1881.4871907 -187.798313087 -166.901155682 -251.152326394 
1040.53235791 141.925975189 268.610696688 -12.2657119785 
-52.3856223002 29.9402564835 19.7952514512 -43.0489505154 
-538.271728601 -95.9303423348 -254.996690527 104.779782119 
1657.53112795 260.653873311 -19.077687312 298.153615892 
1516.289441 25.8646814963 163.623039007 243.612906133 
960.899312012 -53.5142333148 276.935473166 59.4154435645 
-219.85067604 -53.2479119859 73.2920818559 -83.2325142498 
646.068487805 277.813259844 148.971642286 -89.0680683807 
487.144247572 202.84816919 -127.544054858 116.122741219 
-1267.05942415 -22.9587053635 -75.7492681627 -248.719038007 
-1414.84595864 -232.691753984 -291.148676443 -19.2220859815 
-388.320647119 47.3738774048 204.515375881 -274.17964656 
105.332843621 -40.0436788396 -66.0968328877 96.1282812633 
-114.210521304 102.320872402 -224.263825162 88.6441301607 
808.668761822 87.4153934301 160.872022666 37.6724608279 
856.437181082 238.429338367 228.150828487 -76.03644655 
77.3622430178 199.27101783 -236.248158751 97.0098854363 
2269.99906953 227.961314434 231.443739004 279.771068284 
1420.43845167 211.558462677 284.781789177 35.77536733 
-405.895857585 192.425522298 82.2509114112 -259.624517429 
-1456.83237604 -48.2904264012 -135.289767145 -238.603956556 
-1141.5944792 -139.144917068 -33.8010120885 -190.509650008 
-776.981865848 -262.969817049 -297.001660794 159.842870127 
-1095.38674169 -71.2965190317 75.4418051271 -294.68760313 
559.381324372 125.045103251 120.976972458 -13.6537811097 
702.23571587 -94.1917302969 207.377189178 67.0990395598 
138.651579968 -137.068404624 129.995875841 5.89173570435 
269.409124678 12.6722398088 85.7928646791 -3.40349082476 
-1353.94673792 -278.338681918 -266.646440209 0.678090074484 
-1657.54172068 -270.892569682 -14.3875091652 -267.92826502 
-356.15734083 -25.1661742096 177.620422556 -209.556789736 
1196.91255181 255.945036503 -87.1779026514 236.684362837 
1407.95296396 253.71229693 11.3626395851 216.362078388 
-181.639480196 -49.6855255007 -274.058597138 185.198051546 
802.13929659 263.094249043 -198.079208291 217.719009551 
717.236325812 3.64821198121 -138.557998473 281.19017023 
-298.833047279 -102.728832266 -236.15516987 153.632345262 
1074.33721027 209.787876281 -167.239140586 289.300425633 
1234.42250923 290.987410565 -171.990475571 292.20383448 
-1503.71482947 15.613731733 -240.005469789 -203.76268485 
-922.276476579 184.19993338 -260.117467483 -127.511221053 
-486.669155679 231.032020933 -208.171007017 -81.0940516131 
63.3023885459 -273.509003263 -133.229259781 252.416768948 
1943.37927378 256.535238259 172.256417114 228.361765202 
1550.93936746 291.533535191 9.2379050412 235.279191536 
-739.080186377 80.3223869703 -159.521121554 -105.350695883 
-1241.82655533 -69.2183715389 -238.227515447 -97.4026809357 
-1306.76486724 182.264547271 -164.651807755 -294.53121294 
-57.9336292289 225.202943485 95.0594537629 -198.177300829 
-238.775934435 -177.126531198 -186.085231263 168.634738598 
-906.256954217 289.596872632 -220.331434119 -206.263278337 
-549.962636001 -246.659273706 98.5094764228 -87.9628786397 
-402.316740842 -132.964545933 196.761841235 -181.509034071 
591.720559336 -230.707275086 -19.771988891 278.155385824 
-1748.77889933 27.691108775 -242.315783547 -269.094973266 
822.63284653 175.95672277 265.816701504 -81.8043046274 
-707.228894061 -160.292775001 51.3623242695 -135.252597655 
-321.563966518 -169.015746395 -176.335104865 136.603351864 
-770.422011198 33.914009611 -240.334997101 -29.4077883553 
-1092.81891847 290.588265972 -252.529467049 -229.338913195 
453.587149634 293.284178941 -145.434640982 75.7294631978 
-662.965033268 86.047486672 -187.373423868 -68.2723826879 
2053.32230864 118.160786899 246.80954948 269.088122822 
40.1623573962 -254.506877382 198.740015248 -11.7942640101 
-681.957430636 -192.093821626 233.244162735 -249.221631445 
878.757002671 -223.19697536 193.859552405 185.754969871 
346.770374138 158.920656148 212.209056614 -152.001635948 
-743.903291705 297.668692037 -180.818006398 -199.368825619 
-586.058137995 289.985414982 -259.633284214 -96.6826063822 
-236.486816569 -197.467603713 -114.084920716 125.046687573 
-1516.91734249 -279.093068139 -234.511983186 -63.7924590666 
-1817.04735321 -62.0392646183 -252.428777339 -234.085842136 
-71.0518323611 234.737126304 59.559690618 -179.756019114 
-1297.07121236 -240.848387041 -113.469178415 -118.844778616 
-95.8796595584 -219.562640769 -72.8395332835 140.640499099 
412.472659121 -261.102393444 25.2500551199 214.954811304 
657.966730287 -243.025497646 233.772536378 110.543449717 
-522.407029573 294.267509655 26.8042575563 -297.78656068 
-194.345663138 -140.754208448 -177.349102499 154.88744579 
623.554234522 -20.3678836578 287.05083772 -49.1765766828 
-1444.47321646 -130.371517564 -228.953680395 -124.239776616 
-853.843764126 -101.164631956 -9.18648395311 -156.020969443 
53.8289142578 -261.72763065 -144.295586009 252.304747277 
51.698248177 -205.257609472 -94.7123644039 186.711959371 
542.040587768 -133.724795232 73.3109177761 147.324280136 
936.182203214 261.086414986 59.4558630567 58.8592437837 
-1270.62268427 -119.051321401 -186.846293023 -118.143009647 
219.160807346 -74.3946334726 -41.5988800657 123.105258481 
-1454.34505008 88.7115585719 -235.77752381 -231.146053591 
-207.933866494 -265.953857944 219.793210903 -84.0083492016 
827.982904666 159.994891587 136.715352801 24.2282061977 
-1587.13517513 -224.305434797 -80.4467554917 -224.529901107 
2099.26005292 268.295203719 154.670554899 274.814811511 
653.071654153 115.725798156 -236.653428154 282.668990502 
583.120663887 2.98695553494 -140.603952016 249.948697492 
-229.046697339 159.245600815 -60.9148085447 -91.3174583699 
-471.233120942 77.7404187771 -259.214551622 37.5624216894 
373.627929768 287.758820921 -186.756210707 89.7017970499 
-1601.6300112 -249.851022115 -26.8202748568 -255.259671169 
15.5480700532 146.855594638 288.874428739 -286.40880127 
571.879372868 141.894121269 -147.153788375 182.346943164 
995.121571592 -214.888127279 232.917614393 181.585031741 
941.723806846 225.966025252 -66.0052262396 171.977068139 
1047.08162234 248.610223606 247.61690466 -48.4049816115 
-50.0944006991 176.510058861 -248.7310851 85.9146399521 
994.945746222 252.991657902 178.63243413 -11.6476266096 
93.219554479 101.108380902 184.029130934 -165.170556816 
1085.07473673 -54.2446510873 137.508344903 195.280263081 
-505.215836129 124.522303584 24.598653573 -206.898039353 
600.497817936 -25.7704392662 35.8899396673 136.294472908 
-905.949263057 -258.39624429 49.8468237776 -134.632953308 
-905.482952162 65.1960790277 -77.6435510697 -200.486136655 
-884.635273616 26.5396983214 -99.068098532 -160.311832808 
-1559.34402947 64.3268346061 -293.06340868 -202.123262391 
1439.89399801 148.576828049 298.726462955 61.41324706 
-330.504310306 234.117793055 26.8328221378 -219.840102013 
-29.3187407251 -4.15732588074 31.2211754974 -28.5478817965 
254.15208107 -242.89933069 -58.4680903431 228.844811338 
-1392.88323387 1.27727721415 -129.515696063 -251.702979203 
-1297.36601008 85.1521010256 -289.110624148 -150.218334092 
-606.978065474 -39.1017448037 -37.5840059527 -103.824623302 
-424.364796814 173.569470078 -96.7908890533 -120.325907913 
926.554080497 -161.709435595 50.0209227428 275.211603206 
-415.317503769 -217.654957242 18.5375878997 -8.96336185176 
140.671148575 165.062615363 -214.512659436 113.29205317 
619.24592956 -228.373302794 68.5091565395 217.718174809 
468.637704419 -8.80829934144 196.95982039 -26.3980862355 
212.66806508 223.091483949 173.688954977 -188.894186579 
-515.502701373 -70.3511979488 33.864116732 -119.060435734 
-421.85696317 164.374491631 -206.28398572 -32.884200486 
1116.85585178 267.366778747 -84.6429965068 208.802114057 
-1709.51257651 -208.792297048 -91.3693930676 -254.472635765 
-893.264168935 -263.003780814 -59.5279609118 -47.2902351542 
353.500788647 88.1780081074 -263.609338232 242.108103442 
-1573.26334828 -175.238150461 -122.280346225 -213.989976153 
846.241761724 -96.1318373508 277.365326082 51.4343006778 
-111.504538358 -214.137675635 21.4490776933 63.0462863098 
-925.720283942 122.666353197 -93.722285788 -222.606705896 
615.03751036 -199.291952023 286.328094498 38.4872386211 
-1864.77472244 -261.874091828 -152.667160761 -220.988085767 
-980.446165235 -234.738098685 -145.814652823 -18.5701515844 
718.425197106 296.286190905 162.929746094 -90.82252759 
-193.879231572 29.848340587 -13.6858990308 -53.2264209803 
-503.920477961 -124.857170686 212.112426849 -222.715918143 
-1160.20705967 -203.588644273 15.6085820307 -199.743485976 
883.900548843 292.723123124 94.1407263294 4.21927817736 
-819.952629883 270.787333483 -169.934759059 -212.972854632 
778.472095641 147.274468486 68.4760404143 69.6006009422 
-1216.44390928 -83.5797125195 -255.567509293 -70.5950461766 
-430.400780536 188.083017761 36.8550547778 -229.134563857 
639.255633509 -228.616309609 76.1296070821 217.104541789 
181.889817882 206.362312467 100.523420371 -133.205527272 
-769.595168734 30.148661786 -264.994213817 -8.85294840782 
-18.4317474467 145.538760181 185.437112778 -216.41156237 
933.782348189 -19.64462016 232.91275876 68.6055707512 
-861.848905133 -167.494456302 -145.730306066 -22.455931452 
-148.077942858 171.627762587 52.0241804877 -161.827768925 
-989.936617522 69.4592156742 -14.9622815212 -270.909177692 
-332.043937782 228.245111345 -220.352213964 -31.6452673167 
1297.95879718 -29.2055887347 207.68272316 183.304890406 
-596.97405979 -8.93749170534 135.203790467 -246.413116041 
61.7420277696 -266.715800119 57.8660523566 105.313720874 
816.093386687 266.719543138 80.1798043602 10.3801594108 
-1384.02275285 -194.872553839 -98.5299793678 -174.751914671 
703.814812066 -97.6638407664 35.9266794016 197.941132268 
11.2832017772 18.4643614475 204.104231932 -159.381629508 
1262.27671016 -17.0953318704 227.737260579 153.126911024 
-72.4435992639 -295.795028898 217.642102441 -33.5543656622 
537.478756845 -297.801817071 22.9554363947 266.158019343 
1246.21428615 88.2928588416 0.203822604991 267.47975565 
-643.011034745 -4.30206626527 -76.6330769671 -101.039773037 
-440.148747076 -272.698288339 155.605347968 -90.6099531058 
-922.625349199 190.792396214 -184.796586899 -187.548229786 
-1077.65605562 61.9381244295 -208.805551981 -143.810674386 
935.287305587 235.481787514 -146.13886199 225.892044934 
597.86452109 -76.1364724104 269.977202635 -14.8999940901 
-791.72612441 52.4728933764 -174.1568994 -93.3917448048 
-908.61881268 -190.683035491 -276.958208428 75.7586275313 
15.8587697223 -6.96940940944 284.901593859 -206.37811296 
525.140538703 140.906591272 74.315263436 4.90059671432 
904.118892831 -263.856608026 182.193469829 221.263478425 
-1929.81535205 -9.03644856668 -240.525727548 -297.747675792 
-242.383070513 -16.9215028392 -60.4825355298 -6.7880742705 
697.575110077 -40.4244058985 -45.5339930346 228.540316271 
734.236171681 -15.8589341337 -34.921588946 217.455191908 
-1221.5733424 2.60407652496 -67.9264017833 -255.852564829 
-978.129321298 158.455529952 -278.418329522 -114.807664106 
-453.498479661 284.888081066 -267.135200916 -55.2183859615 
-1004.92143105 -118.281414113 26.9404625703 -212.286150825 
-174.325702984 -201.488100072 81.1905023824 -3.85703647525 
289.986532959 -3.93174828389 -224.64855925 242.864595573 
-1584.52970166 -287.566836271 -260.686984697 -56.8552547263 
-332.010398936 60.661666101 67.1046136668 -163.488178434 
548.088058203 228.893386866 72.5922877357 -32.1026427794 
767.30770565 -90.3503923643 24.0947281069 218.982080323 
485.109884771 -234.022322268 49.4034021494 201.344500154 
-163.901780682 163.518136014 218.685216875 -286.52923141 
-174.260164269 239.580424103 -196.975910219 -15.7704016055 
327.769038657 -161.720153028 -22.9831341338 179.859719059 
886.289775161 -4.57959114075 12.9773540994 214.271862533 
-59.4438198964 2.26202132463 -296.385219372 206.084385388 
-529.467396961 -2.80259680779 -97.0199788319 -58.1005964941 
-1826.40283322 -266.220608476 -214.653321916 -162.668481873 
1960.6192959 291.456730048 157.136622499 226.423596923 
-719.046776597 -197.714447745 -38.6307076187 -51.9875973751 
1821.08275203 228.361539128 242.347771707 159.416961724 
453.416007243 235.543955357 194.125875733 -149.868637439 
-1059.25711912 3.58892566486 -115.027367146 -180.504219248 
-1062.89088789 -162.190170472 -108.801430432 -103.168132966 
-941.799746499 -203.633528977 83.1578716121 -196.009234216 
-141.735076901 -247.765106067 260.395269152 -106.737988667 
1037.25440234 -38.8945955988 198.611775324 129.89037122 
-1554.59919795 85.4918405354 -277.791176976 -223.299424043 
-552.853851611 31.5248967214 -268.595220799 47.3621300465 
400.108173038 -274.599472057 -25.9797181108 256.834538874 
-76.5970656577 165.717539351 -233.196424697 72.8963174326 
-566.194249443 110.603040384 37.6872301395 -225.246916659 
-1081.0752808 -274.256854858 101.340233866 -209.03848205 
-578.851408082 -215.143102346 -161.443668558 84.0469777642 
-624.179323231 -196.4990571 -18.4362957415 -44.003140133 
-1583.09749427 -235.039328349 -184.889479559 -139.756875907 
1198.69865896 119.014929977 291.045072174 21.769711136 
425.368640903 -217.972460039 31.6534154441 191.512417428 
174.82068759 -261.067306957 254.543293228 -16.7173024537 
-891.709050198 -176.900662268 161.480456391 -255.810466957 
187.736689521 -285.444715013 25.2122773516 170.844358894 
-1536.28963731 -196.195675713 -225.363795678 -116.729027625 
-584.089420656 -84.5532521388 -161.169978843 17.349939105 
407.710189249 70.886219555 249.029906779 -120.314534612 
429.732270114 174.515200251 62.3051301294 -26.317584978 
-1211.44662667 -206.851997147 -90.7020713225 -131.463590406 
-361.876177295 -273.456561829 230.909914715 -126.916660044 
